"Posição 'x' e 'y' - Pata 1"

"Time      "	"X"	"Y"
0.000000e+00	-7.105427e-15	1.000000e+01
1.200000e-02	-3.330639e-15	1.000000e+01
2.400000e-02	-1.243466e-14	1.000000e+01
3.600000e-02	9.192314e-12	1.000000e+01
4.800000e-02	9.191315e-12	1.000000e+01
6.000000e-02	9.186763e-12	1.000000e+01
7.200000e-02	9.171000e-12	1.000000e+01
8.400000e-02	9.177436e-12	1.000000e+01
9.600000e-02	9.178439e-12	1.000000e+01
1.080000e-01	9.167451e-12	1.000000e+01
1.200000e-01	9.151791e-12	1.000000e+01
1.320000e-01	9.164009e-12	1.000000e+01
1.440000e-01	9.176443e-12	1.000000e+01
1.560000e-01	9.170561e-12	1.000000e+01
1.680000e-01	9.156568e-12	1.000000e+01
1.800000e-01	9.128921e-12	1.000000e+01
1.920000e-01	9.109941e-12	1.000000e+01
2.040000e-01	9.105943e-12	1.000000e+01
2.160000e-01	9.110483e-12	1.000000e+01
2.280000e-01	9.093719e-12	1.000000e+01
2.400000e-01	9.081305e-12	1.000000e+01
2.520000e-01	9.044320e-12	1.000000e+01
2.640000e-01	9.035904e-12	1.000000e+01
2.760000e-01	9.050567e-12	1.000000e+01
2.880000e-01	9.018719e-12	1.000000e+01
3.000000e-01	9.001887e-12	1.000000e+01
3.120000e-01	8.978685e-12	1.000000e+01
3.240000e-01	8.957407e-12	1.000000e+01
3.360000e-01	8.952772e-12	1.000000e+01
3.480000e-01	8.938651e-12	1.000000e+01
3.600000e-01	8.925125e-12	1.000000e+01
3.720000e-01	8.889265e-12	1.000000e+01
3.840000e-01	8.886121e-12	1.000000e+01
3.960000e-01	8.854571e-12	1.000000e+01
4.080000e-01	8.845084e-12	1.000000e+01
4.200000e-01	8.829200e-12	1.000000e+01
4.320000e-01	8.808221e-12	1.000000e+01
4.440000e-01	8.790169e-12	1.000000e+01
4.560000e-01	8.778297e-12	1.000000e+01
4.680000e-01	8.759540e-12	1.000000e+01
4.800000e-01	8.722786e-12	1.000000e+01
4.920000e-01	8.702674e-12	1.000000e+01
5.040000e-01	8.697199e-12	1.000000e+01
5.160000e-01	8.610734e-12	1.000000e+01
5.280000e-01	8.602873e-12	1.000000e+01
5.400000e-01	8.637026e-12	1.000000e+01
5.520000e-01	8.612523e-12	1.000000e+01
5.640000e-01	8.591110e-12	1.000000e+01
5.760000e-01	8.561294e-12	1.000000e+01
5.880000e-01	8.493315e-12	1.000000e+01
6.000000e-01	8.459704e-12	1.000000e+01
6.120000e-01	8.422950e-12	1.000000e+01
6.240000e-01	8.421540e-12	1.000000e+01
6.360000e-01	8.392484e-12	1.000000e+01
6.480000e-01	8.390857e-12	1.000000e+01
6.600000e-01	8.346080e-12	1.000000e+01
6.720000e-01	8.372643e-12	1.000000e+01
6.840000e-01	8.314530e-12	1.000000e+01
6.960000e-01	8.255441e-12	1.000000e+01
7.080000e-01	8.228769e-12	1.000000e+01
7.200000e-01	8.173800e-12	1.000000e+01
7.320000e-01	8.155043e-12	1.000000e+01
7.440000e-01	8.114603e-12	1.000000e+01
7.560000e-01	8.129348e-12	1.000000e+01
7.680000e-01	8.095087e-12	1.000000e+01
7.800000e-01	8.082510e-12	1.000000e+01
7.920000e-01	8.059742e-12	1.000000e+01
8.040000e-01	7.988510e-12	1.000000e+01
8.160000e-01	7.946226e-12	1.000000e+01
8.280000e-01	7.916085e-12	1.000000e+01
8.400000e-01	7.909255e-12	1.000000e+01
8.520000e-01	7.833361e-12	1.000000e+01
8.640000e-01	7.841817e-12	1.000000e+01
8.760000e-01	7.820567e-12	1.000000e+01
8.880000e-01	7.819917e-12	1.000000e+01
9.000000e-01	7.775898e-12	1.000000e+01
9.120000e-01	7.722122e-12	1.000000e+01
9.240000e-01	7.657069e-12	1.000000e+01
9.360000e-01	7.626495e-12	1.000000e+01
9.480000e-01	7.621291e-12	1.000000e+01
9.600000e-01	7.566647e-12	1.000000e+01
9.720000e-01	7.560359e-12	1.000000e+01
9.840000e-01	7.520677e-12	1.000000e+01
9.960000e-01	7.507883e-12	1.000000e+01
1.008000e+00	7.492704e-12	1.000000e+01
1.020000e+00	7.429604e-12	1.000000e+01
1.032000e+00	7.373008e-12	1.000000e+01
1.044000e+00	7.323135e-12	1.000000e+01
1.056000e+00	7.329640e-12	1.000000e+01
1.068000e+00	7.271093e-12	1.000000e+01
1.080000e+00	7.248325e-12	1.000000e+01
1.092000e+00	7.218618e-12	1.000000e+01
1.104000e+00	7.238784e-12	1.000000e+01
1.116000e+00	7.194115e-12	1.000000e+01
1.128000e+00	7.140122e-12	1.000000e+01
1.140000e+00	7.063794e-12	1.000000e+01
1.152000e+00	7.054904e-12	1.000000e+01
1.164000e+00	7.044712e-12	1.000000e+01
1.176000e+00	6.979660e-12	1.000000e+01
1.188000e+00	6.966216e-12	1.000000e+01
1.200000e+00	6.934557e-12	1.000000e+01
1.212000e+00	6.940845e-12	1.000000e+01
1.224000e+00	6.908103e-12	1.000000e+01
1.236000e+00	6.854543e-12	1.000000e+01
1.248000e+00	6.795129e-12	1.000000e+01
1.260000e+00	6.756097e-12	1.000000e+01
1.272000e+00	6.752194e-12	1.000000e+01
1.284000e+00	6.683890e-12	1.000000e+01
1.296000e+00	6.698201e-12	1.000000e+01
1.308000e+00	6.646593e-12	1.000000e+01
1.320000e+00	6.674132e-12	1.000000e+01
1.332000e+00	6.617536e-12	1.000000e+01
1.344000e+00	6.569181e-12	1.000000e+01
1.356000e+00	6.519525e-12	1.000000e+01
1.368000e+00	6.490902e-12	1.000000e+01
1.380000e+00	6.465314e-12	1.000000e+01
1.392000e+00	6.439294e-12	1.000000e+01
1.404000e+00	6.426717e-12	1.000000e+01
1.416000e+00	6.392890e-12	1.000000e+01
1.428000e+00	6.401130e-12	1.000000e+01
1.440000e+00	6.371206e-12	1.000000e+01
1.452000e+00	6.328271e-12	1.000000e+01
1.464000e+00	6.273194e-12	1.000000e+01
1.476000e+00	6.233295e-12	1.000000e+01
1.488000e+00	6.241969e-12	1.000000e+01
1.500000e+00	6.185157e-12	1.000000e+01
1.512000e+00	6.196866e-12	1.000000e+01
1.524000e+00	6.165207e-12	1.000000e+01
1.536000e+00	6.184289e-12	1.000000e+01
1.548000e+00	6.138319e-12	1.000000e+01
1.560000e+00	6.098420e-12	1.000000e+01
1.572000e+00	6.031634e-12	1.000000e+01
1.584000e+00	6.022526e-12	1.000000e+01
1.596000e+00	6.016888e-12	1.000000e+01
1.608000e+00	5.970485e-12	1.000000e+01
1.620000e+00	5.979592e-12	1.000000e+01
1.632000e+00	5.950969e-12	1.000000e+01
1.644000e+00	5.972653e-12	1.000000e+01
1.656000e+00	5.954005e-12	1.000000e+01
1.668000e+00	5.887651e-12	1.000000e+01
1.680000e+00	5.875075e-12	1.000000e+01
1.692000e+00	5.834309e-12	1.000000e+01
1.704000e+00	5.844283e-12	1.000000e+01
1.716000e+00	5.791374e-12	1.000000e+01
1.728000e+00	5.822166e-12	1.000000e+01
1.740000e+00	5.811324e-12	1.000000e+01
1.752000e+00	5.813058e-12	1.000000e+01
1.764000e+00	5.790507e-12	1.000000e+01
1.776000e+00	5.759282e-12	1.000000e+01
1.788000e+00	5.726756e-12	1.000000e+01
1.800000e+00	5.707240e-12	1.000000e+01
1.812000e+00	5.721985e-12	1.000000e+01
1.824000e+00	5.678617e-12	1.000000e+01
1.836000e+00	5.680786e-12	1.000000e+01
1.848000e+00	5.673413e-12	1.000000e+01
1.860000e+00	5.715046e-12	1.000000e+01
1.872000e+00	5.694663e-12	1.000000e+01
1.884000e+00	5.662137e-12	1.000000e+01
1.896000e+00	5.624407e-12	1.000000e+01
1.908000e+00	5.631346e-12	1.000000e+01
1.920000e+00	5.641754e-12	1.000000e+01
1.932000e+00	5.611397e-12	1.000000e+01
1.944000e+00	5.645658e-12	1.000000e+01
1.956000e+00	5.637418e-12	1.000000e+01
1.968000e+00	5.655199e-12	1.000000e+01
1.980000e+00	5.635683e-12	1.000000e+01
1.992000e+00	5.609228e-12	1.000000e+01
2.004000e+00	7.806256e-15	1.000000e+01
2.016000e+00	-2.081668e-14	1.000000e+01
2.028000e+00	-3.903128e-14	1.000000e+01
2.040000e+00	1.821460e-14	1.000000e+01
2.052000e+00	4.336809e-14	1.000000e+01
2.064000e+00	1.431147e-14	1.000000e+01
2.076000e+00	1.821460e-14	1.000000e+01
2.088000e+00	-1.387779e-14	1.000000e+01
2.100000e+00	-1.431147e-14	1.000000e+01
2.112000e+00	4.683753e-14	1.000000e+01
2.124000e+00	1.474515e-14	1.000000e+01
2.136000e+00	-4.250073e-14	1.000000e+01
2.148000e+00	4.683753e-14	1.000000e+01
2.160000e+00	1.474515e-14	1.000000e+01
2.172000e+00	-4.250073e-14	1.000000e+01
2.184000e+00	4.683753e-14	1.000000e+01
2.196000e+00	1.474515e-14	1.000000e+01
2.208000e+00	-4.250073e-14	1.000000e+01
2.220000e+00	4.683753e-14	1.000000e+01
2.232000e+00	1.474515e-14	1.000000e+01
2.244000e+00	-4.250073e-14	1.000000e+01
2.256000e+00	4.683753e-14	1.000000e+01
2.268000e+00	1.474515e-14	1.000000e+01
2.280000e+00	-4.250073e-14	1.000000e+01
2.292000e+00	4.683753e-14	1.000000e+01
2.304000e+00	1.474515e-14	1.000000e+01
2.316000e+00	-4.250073e-14	1.000000e+01
2.328000e+00	4.683753e-14	1.000000e+01
2.340000e+00	1.474515e-14	1.000000e+01
2.352000e+00	-4.250073e-14	1.000000e+01
2.364000e+00	4.683753e-14	1.000000e+01
2.376000e+00	1.474515e-14	1.000000e+01
2.388000e+00	-4.250073e-14	1.000000e+01
2.400000e+00	4.683753e-14	1.000000e+01
2.412000e+00	1.474515e-14	1.000000e+01
2.424000e+00	-4.250073e-14	1.000000e+01
2.436000e+00	4.683753e-14	1.000000e+01
2.448000e+00	1.474515e-14	1.000000e+01
2.460000e+00	-4.250073e-14	1.000000e+01
2.472000e+00	4.683753e-14	1.000000e+01
2.484000e+00	1.474515e-14	1.000000e+01
2.496000e+00	-4.250073e-14	1.000000e+01
2.508000e+00	4.683753e-14	1.000000e+01
2.520000e+00	1.474515e-14	1.000000e+01
2.532000e+00	-4.250073e-14	1.000000e+01
2.544000e+00	4.683753e-14	1.000000e+01
2.556000e+00	1.474515e-14	1.000000e+01
2.568000e+00	-4.250073e-14	1.000000e+01
2.580000e+00	4.683753e-14	1.000000e+01
2.592000e+00	1.474515e-14	1.000000e+01
2.604000e+00	-4.250073e-14	1.000000e+01
2.616000e+00	4.683753e-14	1.000000e+01
2.628000e+00	1.474515e-14	1.000000e+01
2.640000e+00	-4.250073e-14	1.000000e+01
2.652000e+00	4.683753e-14	1.000000e+01
2.664000e+00	1.474515e-14	1.000000e+01
2.676000e+00	-4.250073e-14	1.000000e+01
2.688000e+00	4.683753e-14	1.000000e+01
2.700000e+00	1.474515e-14	1.000000e+01
2.712000e+00	-4.250073e-14	1.000000e+01
2.724000e+00	4.683753e-14	1.000000e+01
2.736000e+00	1.474515e-14	1.000000e+01
2.748000e+00	-4.250073e-14	1.000000e+01
2.760000e+00	4.683753e-14	1.000000e+01
2.772000e+00	1.474515e-14	1.000000e+01
2.784000e+00	-4.250073e-14	1.000000e+01
2.796000e+00	4.683753e-14	1.000000e+01
2.808000e+00	1.474515e-14	1.000000e+01
2.820000e+00	-4.250073e-14	1.000000e+01
2.832000e+00	4.683753e-14	1.000000e+01
2.844000e+00	1.474515e-14	1.000000e+01
2.856000e+00	-4.250073e-14	1.000000e+01
2.868000e+00	4.683753e-14	1.000000e+01
2.880000e+00	1.474515e-14	1.000000e+01
2.892000e+00	-4.250073e-14	1.000000e+01
2.904000e+00	4.683753e-14	1.000000e+01
2.916000e+00	1.474515e-14	1.000000e+01
2.928000e+00	-4.250073e-14	1.000000e+01
2.940000e+00	4.683753e-14	1.000000e+01
2.952000e+00	1.474515e-14	1.000000e+01
2.964000e+00	-4.250073e-14	1.000000e+01
2.976000e+00	4.683753e-14	1.000000e+01
2.988000e+00	1.474515e-14	1.000000e+01
3.000000e+00	-4.250073e-14	1.000000e+01
3.012000e+00	4.683753e-14	1.000000e+01
3.024000e+00	1.474515e-14	1.000000e+01
3.036000e+00	-4.250073e-14	1.000000e+01
3.048000e+00	4.683753e-14	1.000000e+01
3.060000e+00	1.474515e-14	1.000000e+01
3.072000e+00	-4.250073e-14	1.000000e+01
3.084000e+00	4.683753e-14	1.000000e+01
3.096000e+00	1.474515e-14	1.000000e+01
3.108000e+00	-4.250073e-14	1.000000e+01
3.120000e+00	4.683753e-14	1.000000e+01
3.132000e+00	1.474515e-14	1.000000e+01
3.144000e+00	-4.250073e-14	1.000000e+01
3.156000e+00	4.683753e-14	1.000000e+01
3.168000e+00	1.474515e-14	1.000000e+01
3.180000e+00	-4.250073e-14	1.000000e+01
3.192000e+00	4.683753e-14	1.000000e+01
3.204000e+00	1.474515e-14	1.000000e+01
3.216000e+00	-4.250073e-14	1.000000e+01
3.228000e+00	4.683753e-14	1.000000e+01
3.240000e+00	1.474515e-14	1.000000e+01
3.252000e+00	-4.250073e-14	1.000000e+01
3.264000e+00	4.683753e-14	1.000000e+01
3.276000e+00	1.474515e-14	1.000000e+01
3.288000e+00	-4.250073e-14	1.000000e+01
3.300000e+00	4.683753e-14	1.000000e+01
3.312000e+00	1.474515e-14	1.000000e+01
3.324000e+00	-4.250073e-14	1.000000e+01
3.336000e+00	4.683753e-14	1.000000e+01
3.348000e+00	1.474515e-14	1.000000e+01
3.360000e+00	-4.250073e-14	1.000000e+01
3.372000e+00	4.683753e-14	1.000000e+01
3.384000e+00	1.474515e-14	1.000000e+01
3.396000e+00	-4.250073e-14	1.000000e+01
3.408000e+00	4.683753e-14	1.000000e+01
3.420000e+00	1.474515e-14	1.000000e+01
3.432000e+00	-4.250073e-14	1.000000e+01
3.444000e+00	4.683753e-14	1.000000e+01
3.456000e+00	1.474515e-14	1.000000e+01
3.468000e+00	-4.250073e-14	1.000000e+01
3.480000e+00	4.683753e-14	1.000000e+01
3.492000e+00	1.474515e-14	1.000000e+01
3.504000e+00	-4.250073e-14	1.000000e+01
3.516000e+00	4.683753e-14	1.000000e+01
3.528000e+00	1.474515e-14	1.000000e+01
3.540000e+00	-4.250073e-14	1.000000e+01
3.552000e+00	4.683753e-14	1.000000e+01
3.564000e+00	1.474515e-14	1.000000e+01
3.576000e+00	-4.250073e-14	1.000000e+01
3.588000e+00	4.683753e-14	1.000000e+01
3.600000e+00	1.474515e-14	1.000000e+01
3.612000e+00	-4.250073e-14	1.000000e+01
3.624000e+00	4.683753e-14	1.000000e+01
3.636000e+00	1.474515e-14	1.000000e+01
3.648000e+00	-4.250073e-14	1.000000e+01
3.660000e+00	4.683753e-14	1.000000e+01
3.672000e+00	1.474515e-14	1.000000e+01
3.684000e+00	-4.250073e-14	1.000000e+01
3.696000e+00	4.683753e-14	1.000000e+01
3.708000e+00	1.474515e-14	1.000000e+01
3.720000e+00	-4.250073e-14	1.000000e+01
3.732000e+00	4.683753e-14	1.000000e+01
3.744000e+00	1.474515e-14	1.000000e+01
3.756000e+00	-4.250073e-14	1.000000e+01
3.768000e+00	4.683753e-14	1.000000e+01
3.780000e+00	1.474515e-14	1.000000e+01
3.792000e+00	-4.250073e-14	1.000000e+01
3.804000e+00	4.683753e-14	1.000000e+01
3.816000e+00	1.474515e-14	1.000000e+01
3.828000e+00	-4.250073e-14	1.000000e+01
3.840000e+00	4.683753e-14	1.000000e+01
3.852000e+00	1.474515e-14	1.000000e+01
3.864000e+00	-4.250073e-14	1.000000e+01
3.876000e+00	4.683753e-14	1.000000e+01
3.888000e+00	1.474515e-14	1.000000e+01
3.900000e+00	-4.250073e-14	1.000000e+01
3.912000e+00	4.683753e-14	1.000000e+01
3.924000e+00	1.474515e-14	1.000000e+01
3.936000e+00	-4.250073e-14	1.000000e+01
3.948000e+00	4.683753e-14	1.000000e+01
3.960000e+00	1.474515e-14	1.000000e+01
3.972000e+00	-4.250073e-14	1.000000e+01
3.984000e+00	4.683753e-14	1.000000e+01
3.996000e+00	1.474515e-14	1.000000e+01
4.008000e+00	4.196776e-09	1.000000e+01
4.020000e+00	4.365508e-08	1.000000e+01
4.032000e+00	-5.204170e-15	1.000000e+01
4.044000e+00	9.540979e-15	1.000000e+01
4.056000e+00	5.204170e-15	1.000000e+01
4.068000e+00	-4.336809e-15	1.000000e+01
4.080000e+00	-1.214306e-14	1.000000e+01
4.092000e+00	-2.602085e-15	1.000000e+01
4.104000e+00	-3.903128e-15	1.000000e+01
4.116000e+00	1.604619e-14	1.000000e+01
4.128000e+00	-3.469447e-15	1.000000e+01
4.140000e+00	1.344411e-14	1.000000e+01
4.152000e+00	1.250172e-11	1.000000e+01
4.164000e+00	1.254639e-11	1.000000e+01
4.176000e+00	1.256287e-11	1.000000e+01
4.188000e+00	1.260667e-11	1.000000e+01
4.200000e+00	1.265221e-11	1.000000e+01
4.212000e+00	1.270555e-11	1.000000e+01
4.224000e+00	1.274805e-11	1.000000e+01
4.236000e+00	1.276670e-11	1.000000e+01
4.248000e+00	1.282177e-11	1.000000e+01
4.260000e+00	1.288466e-11	1.000000e+01
4.272000e+00	1.293193e-11	1.000000e+01
4.284000e+00	1.299481e-11	1.000000e+01
4.296000e+00	1.305076e-11	1.000000e+01
4.308000e+00	1.308936e-11	1.000000e+01
4.320000e+00	1.315658e-11	1.000000e+01
4.332000e+00	1.321816e-11	1.000000e+01
4.344000e+00	1.328408e-11	1.000000e+01
4.356000e+00	1.334523e-11	1.000000e+01
4.368000e+00	1.339597e-11	1.000000e+01
4.380000e+00	1.346015e-11	1.000000e+01
4.392000e+00	1.352867e-11	1.000000e+01
4.404000e+00	1.361107e-11	1.000000e+01
4.416000e+00	1.367483e-11	1.000000e+01
4.428000e+00	1.374768e-11	1.000000e+01
4.440000e+00	1.381924e-11	1.000000e+01
4.452000e+00	1.389427e-11	1.000000e+01
4.464000e+00	1.398404e-11	1.000000e+01
4.476000e+00	1.406123e-11	1.000000e+01
4.488000e+00	1.415101e-11	1.000000e+01
4.500000e+00	1.422733e-11	1.000000e+01
4.512000e+00	1.429759e-11	1.000000e+01
4.524000e+00	1.438671e-11	1.000000e+01
4.536000e+00	1.447605e-11	1.000000e+01
4.548000e+00	1.454370e-11	1.000000e+01
4.560000e+00	1.463499e-11	1.000000e+01
4.572000e+00	1.472867e-11	1.000000e+01
4.584000e+00	1.480500e-11	1.000000e+01
4.596000e+00	1.492274e-11	1.000000e+01
4.608000e+00	1.498931e-11	1.000000e+01
4.620000e+00	1.507692e-11	1.000000e+01
4.632000e+00	1.517319e-11	1.000000e+01
4.644000e+00	1.527294e-11	1.000000e+01
4.656000e+00	-7.806256e-15	1.000000e+01
4.668000e+00	4.336809e-15	1.000000e+01
4.680000e+00	-6.288373e-15	1.000000e+01
4.692000e+00	9.974660e-15	1.000000e+01
4.704000e+00	6.071532e-15	1.000000e+01
4.716000e+00	2.168404e-16	1.000000e+01
4.728000e+00	3.469447e-15	1.000000e+01
4.740000e+00	-9.324139e-15	1.000000e+01
4.752000e+00	-3.686287e-15	1.000000e+01
4.764000e+00	1.691355e-14	1.000000e+01
4.776000e+00	-9.540979e-15	1.000000e+01
4.788000e+00	-2.168404e-15	1.000000e+01
4.800000e+00	-2.168404e-16	1.000000e+01
4.812000e+00	1.756408e-14	1.000000e+01
4.824000e+00	1.366095e-14	1.000000e+01
4.836000e+00	8.890458e-15	1.000000e+01
4.848000e+00	4.553649e-15	1.000000e+01
4.860000e+00	-1.951564e-15	1.000000e+01
4.872000e+00	8.239937e-15	1.000000e+01
4.884000e+00	-1.409463e-14	1.000000e+01
4.896000e+00	5.421011e-15	1.000000e+01
4.908000e+00	-7.047314e-15	1.000000e+01
4.920000e+00	-2.059984e-15	1.000000e+01
4.932000e+00	-8.239937e-15	1.000000e+01
4.944000e+00	2.103352e-14	1.000000e+01
4.956000e+00	1.366095e-14	1.000000e+01
4.968000e+00	1.496199e-14	1.000000e+01
4.980000e+00	-6.722053e-15	1.000000e+01
4.992000e+00	8.023096e-15	1.000000e+01
5.004000e+00	-5.746272e-15	1.000000e+01
5.016000e+00	2.168404e-16	1.000000e+01
5.028000e+00	5.421011e-16	1.000000e+01
5.040000e+00	1.843144e-15	1.000000e+01
5.052000e+00	-1.463673e-14	1.000000e+01
5.064000e+00	1.008308e-14	1.000000e+01
5.076000e+00	7.589415e-15	1.000000e+01
5.088000e+00	-2.331035e-15	1.000000e+01
5.100000e+00	6.342583e-15	1.000000e+01
5.112000e+00	9.920450e-15	1.000000e+01
5.124000e+00	-2.271404e-14	1.000000e+01
5.136000e+00	1.246832e-15	1.000000e+01
5.148000e+00	-2.439455e-15	1.000000e+01
5.160000e+00	3.740497e-15	1.000000e+01
5.172000e+00	1.211596e-14	1.000000e+01
5.184000e+00	3.117081e-15	1.000000e+01
5.196000e+00	2.913793e-15	1.000000e+01
5.208000e+00	2.778268e-15	1.000000e+01
5.220000e+00	1.232602e-14	1.000000e+01
5.232000e+00	-1.995610e-15	1.000000e+01
5.244000e+00	-3.332228e-15	1.000000e+01
5.256000e+00	2.669848e-15	1.000000e+01
5.268000e+00	-4.133521e-15	1.000000e+01
5.280000e+00	-6.776264e-16	1.000000e+01
5.292000e+00	5.204170e-15	1.000000e+01
5.304000e+00	7.047314e-16	1.000000e+01
5.316000e+00	9.324139e-15	1.000000e+01
5.328000e+00	-2.276825e-15	1.000000e+01
5.340000e+00	3.632077e-15	1.000000e+01
5.352000e+00	8.402567e-15	1.000000e+01
5.364000e+00	5.746272e-15	1.000000e+01
5.376000e+00	-8.077306e-15	1.000000e+01
5.388000e+00	-7.860466e-15	1.000000e+01
5.400000e+00	-1.279359e-14	1.000000e+01
5.412000e+00	1.295622e-14	1.000000e+01
5.424000e+00	-7.589415e-15	1.000000e+01
5.436000e+00	-3.252607e-15	1.000000e+01
5.448000e+00	-1.192622e-15	1.000000e+01
5.460000e+00	-3.252607e-15	1.000000e+01
5.472000e+00	-1.019150e-14	1.000000e+01
5.484000e+00	-6.071532e-15	1.000000e+01
5.496000e+00	-5.854692e-15	1.000000e+01
5.508000e+00	6.288373e-15	1.000000e+01
5.520000e+00	-4.662069e-15	1.000000e+01
5.532000e+00	9.540979e-15	1.000000e+01
5.544000e+00	2.059984e-15	1.000000e+01
5.556000e+00	-2.168404e-16	1.000000e+01
5.568000e+00	2.927346e-15	1.000000e+01
5.580000e+00	8.998878e-15	1.000000e+01
5.592000e+00	-2.276825e-15	1.000000e+01
5.604000e+00	-7.264155e-15	1.000000e+01
5.616000e+00	-7.589415e-15	1.000000e+01
5.628000e+00	-9.107298e-15	1.000000e+01
5.640000e+00	5.746272e-15	1.000000e+01
5.652000e+00	5.529431e-15	1.000000e+01
5.664000e+00	-2.385245e-15	1.000000e+01
5.676000e+00	-9.757820e-15	1.000000e+01
5.688000e+00	-9.757820e-15	1.000000e+01
5.700000e+00	5.421011e-15	1.000000e+01
5.712000e+00	-7.155734e-15	1.000000e+01
5.724000e+00	-9.107298e-15	1.000000e+01
5.736000e+00	5.854692e-15	1.000000e+01
5.748000e+00	-8.456777e-15	1.000000e+01
5.760000e+00	3.686287e-15	1.000000e+01
5.772000e+00	9.757820e-15	1.000000e+01
5.784000e+00	-6.505213e-16	1.000000e+01
5.796000e+00	-9.107298e-15	1.000000e+01
5.808000e+00	-8.673617e-15	1.000000e+01
5.820000e+00	-3.469447e-15	1.000000e+01
5.832000e+00	-6.505213e-15	1.000000e+01
5.844000e+00	-9.974660e-15	1.000000e+01
5.856000e+00	-4.987330e-15	1.000000e+01
5.868000e+00	-1.301043e-15	1.000000e+01
5.880000e+00	-5.637851e-15	1.000000e+01
5.892000e+00	1.517883e-15	1.000000e+01
5.904000e+00	0.000000e+00	1.000000e+01
5.916000e+00	-4.770490e-15	1.000000e+01
5.928000e+00	-7.372575e-15	1.000000e+01
5.940000e+00	1.214306e-14	1.000000e+01
5.952000e+00	1.149254e-14	1.000000e+01
5.964000e+00	-1.192622e-14	1.000000e+01
5.976000e+00	1.149254e-14	1.000000e+01
5.988000e+00	-6.505213e-15	1.000000e+01
6.000000e+00	-8.239937e-15	1.000000e+01
0.000000e+00	8.215650e-15	1.000000e+01
1.200000e-02	2.243582e-07	1.001195e+01
2.400000e-02	3.560957e-06	1.004761e+01
3.600000e-02	1.788215e-05	1.010669e+01
4.800000e-02	5.605995e-05	1.018890e+01
6.000000e-02	1.357548e-04	1.029396e+01
7.200000e-02	2.792080e-04	1.042157e+01
8.400000e-02	5.130361e-04	1.057146e+01
9.600000e-02	8.680282e-04	1.074332e+01
1.080000e-01	1.378946e-03	1.093688e+01
1.200000e-01	2.084325e-03	1.115184e+01
1.320000e-01	3.026281e-03	1.138792e+01
1.440000e-01	4.250317e-03	1.164483e+01
1.560000e-01	5.805133e-03	1.192227e+01
1.680000e-01	7.742439e-03	1.221997e+01
1.800000e-01	1.011677e-02	1.253763e+01
1.920000e-01	1.298530e-02	1.287496e+01
2.040000e-01	1.640768e-02	1.323168e+01
2.160000e-01	2.044583e-02	1.360750e+01
2.280000e-01	2.516379e-02	1.400212e+01
2.400000e-01	3.062754e-02	1.441526e+01
2.520000e-01	3.690483e-02	1.484663e+01
2.640000e-01	4.406500e-02	1.529593e+01
2.760000e-01	5.217886e-02	1.576289e+01
2.880000e-01	6.131847e-02	1.624720e+01
3.000000e-01	7.155702e-02	1.674858e+01
3.120000e-01	8.296864e-02	1.726673e+01
3.240000e-01	9.562831e-02	1.780138e+01
3.360000e-01	1.096116e-01	1.835221e+01
3.480000e-01	1.249947e-01	1.891895e+01
3.600000e-01	1.418540e-01	1.950130e+01
3.720000e-01	1.602662e-01	2.009897e+01
3.840000e-01	1.803081e-01	2.071166e+01
3.960000e-01	2.020564e-01	2.133908e+01
4.080000e-01	2.255876e-01	2.198095e+01
4.200000e-01	2.509779e-01	2.263696e+01
4.320000e-01	2.783029e-01	2.330683e+01
4.440000e-01	3.076377e-01	2.399025e+01
4.560000e-01	3.390568e-01	2.468693e+01
4.680000e-01	3.726336e-01	2.539659e+01
4.800000e-01	4.084408e-01	2.611891e+01
4.920000e-01	4.465497e-01	2.685362e+01
5.040000e-01	4.870308e-01	2.760040e+01
5.160000e-01	5.299530e-01	2.835897e+01
5.280000e-01	5.753839e-01	2.912903e+01
5.400000e-01	6.233893e-01	2.991029e+01
5.520000e-01	6.740339e-01	3.070243e+01
5.640000e-01	7.273801e-01	3.150518e+01
5.760000e-01	7.834889e-01	3.231822e+01
5.880000e-01	8.424190e-01	3.314127e+01
6.000000e-01	9.042274e-01	3.397401e+01
6.120000e-01	9.689688e-01	3.481617e+01
6.240000e-01	1.036696e+00	3.566742e+01
6.360000e-01	1.107458e+00	3.652749e+01
6.480000e-01	1.181304e+00	3.739606e+01
6.600000e-01	1.258279e+00	3.827284e+01
6.720000e-01	1.338426e+00	3.915753e+01
6.840000e-01	1.421785e+00	4.004983e+01
6.960000e-01	1.508393e+00	4.094943e+01
7.080000e-01	1.598286e+00	4.185605e+01
7.200000e-01	1.691494e+00	4.276937e+01
7.320000e-01	1.788049e+00	4.368910e+01
7.440000e-01	1.887974e+00	4.461494e+01
7.560000e-01	1.991294e+00	4.554659e+01
7.680000e-01	2.098029e+00	4.648375e+01
7.800000e-01	2.208195e+00	4.742611e+01
7.920000e-01	2.321807e+00	4.837339e+01
8.040000e-01	2.438874e+00	4.932527e+01
8.160000e-01	2.559404e+00	5.028146e+01
8.280000e-01	2.683402e+00	5.124166e+01
8.400000e-01	2.810867e+00	5.220557e+01
8.520000e-01	2.941797e+00	5.317288e+01
8.640000e-01	3.076186e+00	5.414331e+01
8.760000e-01	3.214024e+00	5.511656e+01
8.880000e-01	3.355298e+00	5.609231e+01
9.000000e-01	3.499991e+00	5.707028e+01
9.120000e-01	3.648084e+00	5.805017e+01
9.240000e-01	3.799553e+00	5.903168e+01
9.360000e-01	3.954370e+00	6.001452e+01
9.480000e-01	4.112506e+00	6.099838e+01
9.600000e-01	4.273924e+00	6.198297e+01
9.720000e-01	4.438588e+00	6.296800e+01
9.840000e-01	4.606457e+00	6.395316e+01
9.960000e-01	4.777484e+00	6.493818e+01
1.008000e+00	4.951621e+00	6.592275e+01
1.020000e+00	5.128816e+00	6.690657e+01
1.032000e+00	5.309013e+00	6.788937e+01
1.044000e+00	5.492153e+00	6.887083e+01
1.056000e+00	5.678172e+00	6.985068e+01
1.068000e+00	5.867004e+00	7.082863e+01
1.080000e+00	6.058578e+00	7.180438e+01
1.092000e+00	6.252822e+00	7.277764e+01
1.104000e+00	6.449657e+00	7.374813e+01
1.116000e+00	6.649003e+00	7.471556e+01
1.128000e+00	6.850777e+00	7.567964e+01
1.140000e+00	7.054889e+00	7.664009e+01
1.152000e+00	7.261251e+00	7.759662e+01
1.164000e+00	7.469767e+00	7.854895e+01
1.176000e+00	7.680339e+00	7.949680e+01
1.188000e+00	7.892868e+00	8.043988e+01
1.200000e+00	8.107248e+00	8.137791e+01
1.212000e+00	8.323373e+00	8.231062e+01
1.224000e+00	8.541132e+00	8.323773e+01
1.236000e+00	8.760412e+00	8.415895e+01
1.248000e+00	8.981095e+00	8.507401e+01
1.260000e+00	9.203063e+00	8.598264e+01
1.272000e+00	9.426194e+00	8.688455e+01
1.284000e+00	9.650361e+00	8.777948e+01
1.296000e+00	9.875437e+00	8.866715e+01
1.308000e+00	1.010129e+01	8.954730e+01
1.320000e+00	1.032779e+01	9.041964e+01
1.332000e+00	1.055479e+01	9.128392e+01
1.344000e+00	1.078217e+01	9.213986e+01
1.356000e+00	1.100977e+01	9.298719e+01
1.368000e+00	1.123746e+01	9.382565e+01
1.380000e+00	1.146509e+01	9.465497e+01
1.392000e+00	1.169251e+01	9.547489e+01
1.404000e+00	1.191957e+01	9.628515e+01
1.416000e+00	1.214612e+01	9.708548e+01
1.428000e+00	1.237200e+01	9.787562e+01
1.440000e+00	1.259706e+01	9.865531e+01
1.452000e+00	1.282114e+01	9.942429e+01
1.464000e+00	1.304408e+01	1.001823e+02
1.476000e+00	1.326573e+01	1.009291e+02
1.488000e+00	1.348590e+01	1.016644e+02
1.500000e+00	1.370446e+01	1.023879e+02
1.512000e+00	1.392122e+01	1.030995e+02
1.524000e+00	1.413602e+01	1.037988e+02
1.536000e+00	1.434869e+01	1.044856e+02
1.548000e+00	1.455907e+01	1.051597e+02
1.560000e+00	1.476699e+01	1.058208e+02
1.572000e+00	1.497227e+01	1.064686e+02
1.584000e+00	1.517475e+01	1.071028e+02
1.596000e+00	1.537425e+01	1.077234e+02
1.608000e+00	1.557060e+01	1.083299e+02
1.620000e+00	1.576363e+01	1.089221e+02
1.632000e+00	1.595316e+01	1.094998e+02
1.644000e+00	1.613903e+01	1.100628e+02
1.656000e+00	1.632107e+01	1.106108e+02
1.668000e+00	1.649909e+01	1.111435e+02
1.680000e+00	1.667294e+01	1.116607e+02
1.692000e+00	1.684243e+01	1.121621e+02
1.704000e+00	1.700740e+01	1.126476e+02
1.716000e+00	1.716768e+01	1.131168e+02
1.728000e+00	1.732309e+01	1.135695e+02
1.740000e+00	1.747348e+01	1.140054e+02
1.752000e+00	1.761868e+01	1.144244e+02
1.764000e+00	1.775851e+01	1.148261e+02
1.776000e+00	1.789282e+01	1.152104e+02
1.788000e+00	1.802144e+01	1.155769e+02
1.800000e+00	1.814421e+01	1.159254e+02
1.812000e+00	1.826098e+01	1.162556e+02
1.824000e+00	1.837159e+01	1.165674e+02
1.836000e+00	1.847589e+01	1.168605e+02
1.848000e+00	1.857371e+01	1.171345e+02
1.860000e+00	1.866492e+01	1.173893e+02
1.872000e+00	1.874937e+01	1.176246e+02
1.884000e+00	1.882691e+01	1.178402e+02
1.896000e+00	1.889740e+01	1.180357e+02
1.908000e+00	1.896071e+01	1.182110e+02
1.920000e+00	1.901671e+01	1.183657e+02
1.932000e+00	1.906525e+01	1.184997e+02
1.944000e+00	1.910623e+01	1.186126e+02
1.956000e+00	1.913951e+01	1.187042e+02
1.968000e+00	1.916497e+01	1.187743e+02
1.980000e+00	1.918251e+01	1.188225e+02
1.992000e+00	1.919201e+01	1.188486e+02
2.004000e+00	1.919399e+01	1.188525e+02
2.016000e+00	1.919643e+01	1.188362e+02
2.028000e+00	1.920176e+01	1.188005e+02
2.040000e+00	1.920997e+01	1.187457e+02
2.052000e+00	1.922101e+01	1.186720e+02
2.064000e+00	1.923489e+01	1.185796e+02
2.076000e+00	1.925158e+01	1.184689e+02
2.088000e+00	1.927106e+01	1.183399e+02
2.100000e+00	1.929333e+01	1.181930e+02
2.112000e+00	1.931839e+01	1.180284e+02
2.124000e+00	1.934623e+01	1.178464e+02
2.136000e+00	1.937685e+01	1.176471e+02
2.148000e+00	1.941025e+01	1.174309e+02
2.160000e+00	1.944644e+01	1.171979e+02
2.172000e+00	1.948543e+01	1.169485e+02
2.184000e+00	1.952723e+01	1.166828e+02
2.196000e+00	1.957185e+01	1.164011e+02
2.208000e+00	1.961930e+01	1.161037e+02
2.220000e+00	1.966960e+01	1.157907e+02
2.232000e+00	1.972277e+01	1.154625e+02
2.244000e+00	1.977883e+01	1.151193e+02
2.256000e+00	1.983779e+01	1.147613e+02
2.268000e+00	1.989968e+01	1.143888e+02
2.280000e+00	1.996453e+01	1.140020e+02
2.292000e+00	2.003235e+01	1.136012e+02
2.304000e+00	2.010317e+01	1.131866e+02
2.316000e+00	2.017701e+01	1.127584e+02
2.328000e+00	2.025391e+01	1.123170e+02
2.340000e+00	2.033389e+01	1.118625e+02
2.352000e+00	2.041697e+01	1.113952e+02
2.364000e+00	2.050318e+01	1.109154e+02
2.376000e+00	2.059256e+01	1.104233e+02
2.388000e+00	2.068512e+01	1.099192e+02
2.400000e+00	2.078089e+01	1.094033e+02
2.412000e+00	2.087991e+01	1.088758e+02
2.424000e+00	2.098219e+01	1.083370e+02
2.436000e+00	2.108776e+01	1.077872e+02
2.448000e+00	2.119665e+01	1.072266e+02
2.460000e+00	2.130889e+01	1.066554e+02
2.472000e+00	2.142449e+01	1.060740e+02
2.484000e+00	2.154348e+01	1.054825e+02
2.496000e+00	2.166588e+01	1.048812e+02
2.508000e+00	2.179171e+01	1.042704e+02
2.520000e+00	2.192100e+01	1.036503e+02
2.532000e+00	2.205376e+01	1.030212e+02
2.544000e+00	2.219001e+01	1.023833e+02
2.556000e+00	2.232976e+01	1.017368e+02
2.568000e+00	2.247303e+01	1.010821e+02
2.580000e+00	2.261984e+01	1.004194e+02
2.592000e+00	2.277018e+01	9.974887e+01
2.604000e+00	2.292408e+01	9.907083e+01
2.616000e+00	2.308154e+01	9.838552e+01
2.628000e+00	2.324257e+01	9.769319e+01
2.640000e+00	2.340716e+01	9.699409e+01
2.652000e+00	2.357533e+01	9.628847e+01
2.664000e+00	2.374707e+01	9.557658e+01
2.676000e+00	2.392238e+01	9.485868e+01
2.688000e+00	2.410126e+01	9.413502e+01
2.700000e+00	2.428369e+01	9.340584e+01
2.712000e+00	2.446968e+01	9.267140e+01
2.724000e+00	2.465920e+01	9.193194e+01
2.736000e+00	2.485224e+01	9.118772e+01
2.748000e+00	2.504880e+01	9.043898e+01
2.760000e+00	2.524884e+01	8.968598e+01
2.772000e+00	2.545235e+01	8.892896e+01
2.784000e+00	2.565931e+01	8.816817e+01
2.796000e+00	2.586969e+01	8.740386e+01
2.808000e+00	2.608345e+01	8.663628e+01
2.820000e+00	2.630057e+01	8.586566e+01
2.832000e+00	2.652102e+01	8.509227e+01
2.844000e+00	2.674475e+01	8.431634e+01
2.856000e+00	2.697173e+01	8.353811e+01
2.868000e+00	2.720192e+01	8.275784e+01
2.880000e+00	2.743526e+01	8.197577e+01
2.892000e+00	2.767171e+01	8.119214e+01
2.904000e+00	2.791122e+01	8.040719e+01
2.916000e+00	2.815374e+01	7.962116e+01
2.928000e+00	2.839920e+01	7.883429e+01
2.940000e+00	2.864756e+01	7.804683e+01
2.952000e+00	2.889874e+01	7.725902e+01
2.964000e+00	2.915268e+01	7.647108e+01
2.976000e+00	2.940932e+01	7.568327e+01
2.988000e+00	2.966857e+01	7.489581e+01
3.000000e+00	2.993037e+01	7.410894e+01
3.012000e+00	3.019465e+01	7.332290e+01
3.024000e+00	3.046131e+01	7.253792e+01
3.036000e+00	3.073029e+01	7.175423e+01
3.048000e+00	3.100148e+01	7.097206e+01
3.060000e+00	3.127481e+01	7.019165e+01
3.072000e+00	3.155018e+01	6.941323e+01
3.084000e+00	3.182751e+01	6.863702e+01
3.096000e+00	3.210668e+01	6.786325e+01
3.108000e+00	3.238761e+01	6.709215e+01
3.120000e+00	3.267019e+01	6.632395e+01
3.132000e+00	3.295431e+01	6.555886e+01
3.144000e+00	3.323987e+01	6.479711e+01
3.156000e+00	3.352676e+01	6.403893e+01
3.168000e+00	3.381487e+01	6.328452e+01
3.180000e+00	3.410407e+01	6.253413e+01
3.192000e+00	3.439426e+01	6.178795e+01
3.204000e+00	3.468530e+01	6.104621e+01
3.216000e+00	3.497708e+01	6.030913e+01
3.228000e+00	3.526948e+01	5.957691e+01
3.240000e+00	3.556236e+01	5.884978e+01
3.252000e+00	3.585559e+01	5.812795e+01
3.264000e+00	3.614904e+01	5.741162e+01
3.276000e+00	3.644258e+01	5.670101e+01
3.288000e+00	3.673607e+01	5.599633e+01
3.300000e+00	3.702936e+01	5.529778e+01
3.312000e+00	3.732233e+01	5.460557e+01
3.324000e+00	3.761482e+01	5.391990e+01
3.336000e+00	3.790669e+01	5.324099e+01
3.348000e+00	3.819779e+01	5.256903e+01
3.360000e+00	3.848798e+01	5.190422e+01
3.372000e+00	3.877710e+01	5.124676e+01
3.384000e+00	3.906500e+01	5.059687e+01
3.396000e+00	3.935152e+01	4.995472e+01
3.408000e+00	3.963651e+01	4.932053e+01
3.420000e+00	3.991982e+01	4.869448e+01
3.432000e+00	4.020127e+01	4.807677e+01
3.444000e+00	4.048072e+01	4.746760e+01
3.456000e+00	4.075800e+01	4.686716e+01
3.468000e+00	4.103295e+01	4.627564e+01
3.480000e+00	4.130540e+01	4.569324e+01
3.492000e+00	4.157519e+01	4.512014e+01
3.504000e+00	4.184215e+01	4.455654e+01
3.516000e+00	4.210612e+01	4.400261e+01
3.528000e+00	4.236692e+01	4.345856e+01
3.540000e+00	4.262439e+01	4.292457e+01
3.552000e+00	4.287835e+01	4.240082e+01
3.564000e+00	4.312865e+01	4.188750e+01
3.576000e+00	4.337510e+01	4.138480e+01
3.588000e+00	4.361754e+01	4.089291e+01
3.600000e+00	4.385580e+01	4.041199e+01
3.612000e+00	4.408970e+01	3.994225e+01
3.624000e+00	4.431906e+01	3.948386e+01
3.636000e+00	4.454373e+01	3.903701e+01
3.648000e+00	4.476353e+01	3.860188e+01
3.660000e+00	4.497829e+01	3.817866e+01
3.672000e+00	4.518782e+01	3.776751e+01
3.684000e+00	4.539198e+01	3.736864e+01
3.696000e+00	4.559057e+01	3.698221e+01
3.708000e+00	4.578344e+01	3.660842e+01
3.720000e+00	4.597042e+01	3.624745e+01
3.732000e+00	4.615133e+01	3.589947e+01
3.744000e+00	4.632600e+01	3.556467e+01
3.756000e+00	4.649428e+01	3.524324e+01
3.768000e+00	4.665600e+01	3.493536e+01
3.780000e+00	4.681098e+01	3.464121e+01
3.792000e+00	4.695908e+01	3.436097e+01
3.804000e+00	4.710011e+01	3.409484e+01
3.816000e+00	4.723394e+01	3.384300e+01
3.828000e+00	4.736039e+01	3.360563e+01
3.840000e+00	4.747932e+01	3.338292e+01
3.852000e+00	4.759056e+01	3.317506e+01
3.864000e+00	4.769397e+01	3.298225e+01
3.876000e+00	4.778939e+01	3.280466e+01
3.888000e+00	4.787667e+01	3.264250e+01
3.900000e+00	4.795568e+01	3.249595e+01
3.912000e+00	4.802626e+01	3.236522e+01
3.924000e+00	4.808829e+01	3.225049e+01
3.936000e+00	4.814161e+01	3.215196e+01
3.948000e+00	4.818609e+01	3.206983e+01
3.960000e+00	4.822161e+01	3.200431e+01
3.972000e+00	4.824804e+01	3.195559e+01
3.984000e+00	4.826524e+01	3.192388e+01
3.996000e+00	4.827311e+01	3.190938e+01
4.008000e+00	4.827488e+01	3.190724e+01
4.020000e+00	4.828137e+01	3.190114e+01
4.032000e+00	4.829336e+01	3.188988e+01
4.044000e+00	4.831077e+01	3.187353e+01
4.056000e+00	4.833354e+01	3.185214e+01
4.068000e+00	4.836162e+01	3.182579e+01
4.080000e+00	4.839493e+01	3.179455e+01
4.092000e+00	4.843342e+01	3.175848e+01
4.104000e+00	4.847702e+01	3.171765e+01
4.116000e+00	4.852567e+01	3.167213e+01
4.128000e+00	4.857931e+01	3.162200e+01
4.140000e+00	4.863789e+01	3.156732e+01
4.152000e+00	4.870133e+01	3.150816e+01
4.164000e+00	4.876959e+01	3.144461e+01
4.176000e+00	4.884260e+01	3.137672e+01
4.188000e+00	4.892031e+01	3.130457e+01
4.200000e+00	4.900265e+01	3.122825e+01
4.212000e+00	4.908958e+01	3.114781e+01
4.224000e+00	4.918103e+01	3.106334e+01
4.236000e+00	4.927695e+01	3.097490e+01
4.248000e+00	4.937728e+01	3.088259e+01
4.260000e+00	4.948196e+01	3.078646e+01
4.272000e+00	4.959094e+01	3.068660e+01
4.284000e+00	4.970417e+01	3.058309e+01
4.296000e+00	4.982158e+01	3.047599e+01
4.308000e+00	4.994313e+01	3.036538e+01
4.320000e+00	5.006875e+01	3.025135e+01
4.332000e+00	5.019839e+01	3.013397e+01
4.344000e+00	5.033200e+01	3.001331e+01
4.356000e+00	5.046952e+01	2.988946e+01
4.368000e+00	5.061089e+01	2.976249e+01
4.380000e+00	5.075607e+01	2.963247e+01
4.392000e+00	5.090499e+01	2.949949e+01
4.404000e+00	5.105761e+01	2.936362e+01
4.416000e+00	5.121385e+01	2.922494e+01
4.428000e+00	5.137368e+01	2.908352e+01
4.440000e+00	5.153703e+01	2.893945e+01
4.452000e+00	5.170384e+01	2.879280e+01
4.464000e+00	5.187407e+01	2.864364e+01
4.476000e+00	5.204766e+01	2.849206e+01
4.488000e+00	5.222454e+01	2.833814e+01
4.500000e+00	5.240467e+01	2.818194e+01
4.512000e+00	5.258798e+01	2.802354e+01
4.524000e+00	5.277442e+01	2.786302e+01
4.536000e+00	5.296393e+01	2.770046e+01
4.548000e+00	5.315645e+01	2.753594e+01
4.560000e+00	5.335193e+01	2.736952e+01
4.572000e+00	5.355031e+01	2.720128e+01
4.584000e+00	5.375152e+01	2.703130e+01
4.596000e+00	5.395552e+01	2.685965e+01
4.608000e+00	5.416223e+01	2.668641e+01
4.620000e+00	5.437160e+01	2.651165e+01
4.632000e+00	5.458357e+01	2.633545e+01
4.644000e+00	5.479809e+01	2.615787e+01
4.656000e+00	5.501507e+01	2.597899e+01
4.668000e+00	5.523448e+01	2.579888e+01
4.680000e+00	5.545624e+01	2.561762e+01
4.692000e+00	5.568029e+01	2.543527e+01
4.704000e+00	5.590657e+01	2.525191e+01
4.716000e+00	5.613502e+01	2.506761e+01
4.728000e+00	5.636556e+01	2.488244e+01
4.740000e+00	5.659815e+01	2.469646e+01
4.752000e+00	5.683270e+01	2.450975e+01
4.764000e+00	5.706917e+01	2.432237e+01
4.776000e+00	5.730747e+01	2.413439e+01
4.788000e+00	5.754756e+01	2.394589e+01
4.800000e+00	5.778934e+01	2.375692e+01
4.812000e+00	5.803277e+01	2.356755e+01
4.824000e+00	5.827778e+01	2.337786e+01
4.836000e+00	5.852429e+01	2.318789e+01
4.848000e+00	5.877223e+01	2.299773e+01
4.860000e+00	5.902154e+01	2.280742e+01
4.872000e+00	5.927215e+01	2.261704e+01
4.884000e+00	5.952398e+01	2.242665e+01
4.896000e+00	5.977697e+01	2.223631e+01
4.908000e+00	6.003104e+01	2.204608e+01
4.920000e+00	6.028612e+01	2.185602e+01
4.932000e+00	6.054214e+01	2.166619e+01
4.944000e+00	6.079903e+01	2.147665e+01
4.956000e+00	6.105670e+01	2.128746e+01
4.968000e+00	6.131510e+01	2.109868e+01
4.980000e+00	6.157413e+01	2.091036e+01
4.992000e+00	6.183374e+01	2.072256e+01
5.004000e+00	6.209384e+01	2.053534e+01
5.016000e+00	6.235435e+01	2.034875e+01
5.028000e+00	6.261520e+01	2.016284e+01
5.040000e+00	6.287631e+01	1.997768e+01
5.052000e+00	6.313760e+01	1.979330e+01
5.064000e+00	6.339900e+01	1.960977e+01
5.076000e+00	6.366043e+01	1.942714e+01
5.088000e+00	6.392181e+01	1.924545e+01
5.100000e+00	6.418305e+01	1.906476e+01
5.112000e+00	6.444407e+01	1.888512e+01
5.124000e+00	6.470481e+01	1.870657e+01
5.136000e+00	6.496517e+01	1.852916e+01
5.148000e+00	6.522507e+01	1.835294e+01
5.160000e+00	6.548444e+01	1.817796e+01
5.172000e+00	6.574318e+01	1.800426e+01
5.184000e+00	6.600123e+01	1.783188e+01
5.196000e+00	6.625848e+01	1.766088e+01
5.208000e+00	6.651486e+01	1.749129e+01
5.220000e+00	6.677029e+01	1.732316e+01
5.232000e+00	6.702468e+01	1.715653e+01
5.244000e+00	6.727795e+01	1.699145e+01
5.256000e+00	6.753001e+01	1.682794e+01
5.268000e+00	6.778077e+01	1.666606e+01
5.280000e+00	6.803015e+01	1.650584e+01
5.292000e+00	6.827806e+01	1.634733e+01
5.304000e+00	6.852442e+01	1.619055e+01
5.316000e+00	6.876914e+01	1.603555e+01
5.328000e+00	6.901213e+01	1.588237e+01
5.340000e+00	6.925331e+01	1.573104e+01
5.352000e+00	6.949258e+01	1.558160e+01
5.364000e+00	6.972986e+01	1.543408e+01
5.376000e+00	6.996507e+01	1.528852e+01
5.388000e+00	7.019810e+01	1.514495e+01
5.400000e+00	7.042888e+01	1.500342e+01
5.412000e+00	7.065731e+01	1.486394e+01
5.424000e+00	7.088330e+01	1.472655e+01
5.436000e+00	7.110677e+01	1.459129e+01
5.448000e+00	7.132763e+01	1.445819e+01
5.460000e+00	7.154578e+01	1.432727e+01
5.472000e+00	7.176114e+01	1.419858e+01
5.484000e+00	7.197361e+01	1.407214e+01
5.496000e+00	7.218311e+01	1.394798e+01
5.508000e+00	7.238954e+01	1.382613e+01
5.520000e+00	7.259282e+01	1.370662e+01
5.532000e+00	7.279285e+01	1.358948e+01
5.544000e+00	7.298954e+01	1.347475e+01
5.556000e+00	7.318281e+01	1.336244e+01
5.568000e+00	7.337256e+01	1.325259e+01
5.580000e+00	7.355870e+01	1.314522e+01
5.592000e+00	7.374113e+01	1.304037e+01
5.604000e+00	7.391978e+01	1.293806e+01
5.616000e+00	7.409455e+01	1.283832e+01
5.628000e+00	7.426534e+01	1.274118e+01
5.640000e+00	7.443207e+01	1.264667e+01
5.652000e+00	7.459465e+01	1.255480e+01
5.664000e+00	7.475298e+01	1.246562e+01
5.676000e+00	7.490697e+01	1.237915e+01
5.688000e+00	7.505654e+01	1.229542e+01
5.700000e+00	7.520159e+01	1.221445e+01
5.712000e+00	7.534203e+01	1.213627e+01
5.724000e+00	7.547778e+01	1.206092e+01
5.736000e+00	7.560874e+01	1.198841e+01
5.748000e+00	7.573482e+01	1.191878e+01
5.760000e+00	7.585594e+01	1.185206e+01
5.772000e+00	7.597200e+01	1.178828e+01
5.784000e+00	7.608291e+01	1.172746e+01
5.796000e+00	7.618859e+01	1.166964e+01
5.808000e+00	7.628894e+01	1.161484e+01
5.820000e+00	7.638388e+01	1.156310e+01
5.832000e+00	7.647332e+01	1.151444e+01
5.844000e+00	7.655718e+01	1.146890e+01
5.856000e+00	7.663536e+01	1.142652e+01
5.868000e+00	7.670777e+01	1.138732e+01
5.880000e+00	7.677433e+01	1.135133e+01
5.892000e+00	7.683496e+01	1.131860e+01
5.904000e+00	7.688957e+01	1.128915e+01
5.916000e+00	7.693806e+01	1.126302e+01
5.928000e+00	7.698036e+01	1.124025e+01
5.940000e+00	7.701639e+01	1.122088e+01
5.952000e+00	7.704605e+01	1.120493e+01
5.964000e+00	7.706926e+01	1.119246e+01
5.976000e+00	7.708595e+01	1.118351e+01
5.988000e+00	7.709602e+01	1.117810e+01
6.000000e+00	7.709939e+01	1.117629e+01
0.000000e+00	7.709939e+01	1.117629e+01
1.200000e-02	7.709939e+01	1.117629e+01
2.400000e-02	7.709939e+01	1.117629e+01
3.600000e-02	7.709939e+01	1.117629e+01
4.800000e-02	7.709939e+01	1.117629e+01
6.000000e-02	7.709939e+01	1.117629e+01
7.200000e-02	7.709939e+01	1.117629e+01
8.400000e-02	7.709939e+01	1.117629e+01
9.600000e-02	7.709939e+01	1.117629e+01
1.080000e-01	7.709939e+01	1.117629e+01
1.200000e-01	7.709939e+01	1.117629e+01
1.320000e-01	7.709939e+01	1.117629e+01
1.440000e-01	7.709939e+01	1.117629e+01
1.560000e-01	7.709939e+01	1.117629e+01
1.680000e-01	7.709939e+01	1.117629e+01
1.800000e-01	7.709939e+01	1.117629e+01
1.920000e-01	7.709939e+01	1.117629e+01
2.040000e-01	7.709939e+01	1.117629e+01
2.160000e-01	7.709939e+01	1.117629e+01
2.280000e-01	7.709939e+01	1.117629e+01
2.400000e-01	7.709939e+01	1.117629e+01
2.520000e-01	7.709939e+01	1.117629e+01
2.640000e-01	7.709939e+01	1.117629e+01
2.760000e-01	7.709939e+01	1.117629e+01
2.880000e-01	7.709939e+01	1.117629e+01
3.000000e-01	7.709939e+01	1.117629e+01
3.120000e-01	7.709939e+01	1.117629e+01
3.240000e-01	7.709939e+01	1.117629e+01
3.360000e-01	7.709939e+01	1.117629e+01
3.480000e-01	7.709939e+01	1.117629e+01
3.600000e-01	7.709939e+01	1.117629e+01
3.720000e-01	7.709939e+01	1.117629e+01
3.840000e-01	7.709939e+01	1.117629e+01
3.960000e-01	7.709939e+01	1.117629e+01
4.080000e-01	7.709939e+01	1.117629e+01
4.200000e-01	7.709939e+01	1.117629e+01
4.320000e-01	7.709939e+01	1.117629e+01
4.440000e-01	7.709939e+01	1.117629e+01
4.560000e-01	7.709939e+01	1.117629e+01
4.680000e-01	7.709939e+01	1.117629e+01
4.800000e-01	7.709939e+01	1.117629e+01
4.920000e-01	7.709939e+01	1.117629e+01
5.040000e-01	7.709939e+01	1.117629e+01
5.160000e-01	7.709939e+01	1.117629e+01
5.280000e-01	7.709939e+01	1.117629e+01
5.400000e-01	7.709939e+01	1.117629e+01
5.520000e-01	7.709939e+01	1.117629e+01
5.640000e-01	7.709939e+01	1.117629e+01
5.760000e-01	7.709939e+01	1.117629e+01
5.880000e-01	7.709939e+01	1.117629e+01
6.000000e-01	7.709939e+01	1.117629e+01
6.120000e-01	7.709939e+01	1.117629e+01
6.240000e-01	7.709939e+01	1.117629e+01
6.360000e-01	7.709939e+01	1.117629e+01
6.480000e-01	7.709939e+01	1.117629e+01
6.600000e-01	7.709939e+01	1.117629e+01
6.720000e-01	7.709939e+01	1.117629e+01
6.840000e-01	7.709939e+01	1.117629e+01
6.960000e-01	7.709939e+01	1.117629e+01
7.080000e-01	7.709939e+01	1.117629e+01
7.200000e-01	7.709939e+01	1.117629e+01
7.320000e-01	7.709939e+01	1.117629e+01
7.440000e-01	7.709939e+01	1.117629e+01
7.560000e-01	7.709939e+01	1.117629e+01
7.680000e-01	7.709939e+01	1.117629e+01
7.800000e-01	7.709939e+01	1.117629e+01
7.920000e-01	7.709939e+01	1.117629e+01
8.040000e-01	7.709939e+01	1.117629e+01
8.160000e-01	7.709939e+01	1.117629e+01
8.280000e-01	7.709939e+01	1.117629e+01
8.400000e-01	7.709939e+01	1.117629e+01
8.520000e-01	7.709939e+01	1.117629e+01
8.640000e-01	7.709939e+01	1.117629e+01
8.760000e-01	7.709939e+01	1.117629e+01
8.880000e-01	7.709939e+01	1.117629e+01
9.000000e-01	7.709939e+01	1.117629e+01
9.120000e-01	7.709939e+01	1.117629e+01
9.240000e-01	7.709939e+01	1.117629e+01
9.360000e-01	7.709939e+01	1.117629e+01
9.480000e-01	7.709939e+01	1.117629e+01
9.600000e-01	7.709939e+01	1.117629e+01
9.720000e-01	7.709939e+01	1.117629e+01
9.840000e-01	7.709939e+01	1.117629e+01
9.960000e-01	7.709939e+01	1.117629e+01
1.008000e+00	7.709939e+01	1.117629e+01
1.020000e+00	7.709939e+01	1.117629e+01
1.032000e+00	7.709939e+01	1.117629e+01
1.044000e+00	7.709939e+01	1.117629e+01
1.056000e+00	7.709939e+01	1.117629e+01
1.068000e+00	7.709939e+01	1.117629e+01
1.080000e+00	7.709939e+01	1.117629e+01
1.092000e+00	7.709939e+01	1.117629e+01
1.104000e+00	7.709939e+01	1.117629e+01
1.116000e+00	7.709939e+01	1.117629e+01
1.128000e+00	7.709939e+01	1.117629e+01
1.140000e+00	7.709939e+01	1.117629e+01
1.152000e+00	7.709939e+01	1.117629e+01
1.164000e+00	7.709939e+01	1.117629e+01
1.176000e+00	7.709939e+01	1.117629e+01
1.188000e+00	7.709939e+01	1.117629e+01
1.200000e+00	7.709939e+01	1.117629e+01
1.212000e+00	7.709939e+01	1.117629e+01
1.224000e+00	7.709939e+01	1.117629e+01
1.236000e+00	7.709939e+01	1.117629e+01
1.248000e+00	7.709939e+01	1.117629e+01
1.260000e+00	7.709939e+01	1.117629e+01
1.272000e+00	7.709939e+01	1.117629e+01
1.284000e+00	7.709939e+01	1.117629e+01
1.296000e+00	7.709939e+01	1.117629e+01
1.308000e+00	7.709939e+01	1.117629e+01
1.320000e+00	7.709939e+01	1.117629e+01
1.332000e+00	7.709939e+01	1.117629e+01
1.344000e+00	7.709939e+01	1.117629e+01
1.356000e+00	7.709939e+01	1.117629e+01
1.368000e+00	7.709939e+01	1.117629e+01
1.380000e+00	7.709939e+01	1.117629e+01
1.392000e+00	7.709939e+01	1.117629e+01
1.404000e+00	7.709939e+01	1.117629e+01
1.416000e+00	7.709939e+01	1.117629e+01
1.428000e+00	7.709939e+01	1.117629e+01
1.440000e+00	7.709939e+01	1.117629e+01
1.452000e+00	7.709939e+01	1.117629e+01
1.464000e+00	7.709939e+01	1.117629e+01
1.476000e+00	7.709939e+01	1.117629e+01
1.488000e+00	7.709939e+01	1.117629e+01
1.500000e+00	7.709939e+01	1.117629e+01
1.512000e+00	7.709939e+01	1.117629e+01
1.524000e+00	7.709939e+01	1.117629e+01
1.536000e+00	7.709939e+01	1.117629e+01
1.548000e+00	7.709939e+01	1.117629e+01
1.560000e+00	7.709939e+01	1.117629e+01
1.572000e+00	7.709939e+01	1.117629e+01
1.584000e+00	7.709939e+01	1.117629e+01
1.596000e+00	7.709939e+01	1.117629e+01
1.608000e+00	7.709939e+01	1.117629e+01
1.620000e+00	7.709939e+01	1.117629e+01
1.632000e+00	7.709939e+01	1.117629e+01
1.644000e+00	7.709939e+01	1.117629e+01
1.656000e+00	7.709939e+01	1.117629e+01
1.668000e+00	7.709939e+01	1.117629e+01
1.680000e+00	7.709939e+01	1.117629e+01
1.692000e+00	7.709939e+01	1.117629e+01
1.704000e+00	7.709939e+01	1.117629e+01
1.716000e+00	7.709939e+01	1.117629e+01
1.728000e+00	7.709939e+01	1.117629e+01
1.740000e+00	7.709939e+01	1.117629e+01
1.752000e+00	7.709939e+01	1.117629e+01
1.764000e+00	7.709939e+01	1.117629e+01
1.776000e+00	7.709939e+01	1.117629e+01
1.788000e+00	7.709939e+01	1.117629e+01
1.800000e+00	7.709939e+01	1.117629e+01
1.812000e+00	7.709939e+01	1.117629e+01
1.824000e+00	7.709939e+01	1.117629e+01
1.836000e+00	7.709939e+01	1.117629e+01
1.848000e+00	7.709939e+01	1.117629e+01
1.860000e+00	7.709939e+01	1.117629e+01
1.872000e+00	7.709939e+01	1.117629e+01
1.884000e+00	7.709939e+01	1.117629e+01
1.896000e+00	7.709939e+01	1.117629e+01
1.908000e+00	7.709939e+01	1.117629e+01
1.920000e+00	7.709939e+01	1.117629e+01
1.932000e+00	7.709939e+01	1.117629e+01
1.944000e+00	7.709939e+01	1.117629e+01
1.956000e+00	7.709939e+01	1.117629e+01
1.968000e+00	7.709939e+01	1.117629e+01
1.980000e+00	7.709939e+01	1.117629e+01
1.992000e+00	7.709939e+01	1.117629e+01
2.004000e+00	7.709939e+01	1.117629e+01
2.016000e+00	7.709939e+01	1.117629e+01
2.028000e+00	7.709939e+01	1.117629e+01
2.040000e+00	7.709939e+01	1.117629e+01
2.052000e+00	7.709939e+01	1.117629e+01
2.064000e+00	7.709939e+01	1.117629e+01
2.076000e+00	7.709939e+01	1.117629e+01
2.088000e+00	7.709939e+01	1.117629e+01
2.100000e+00	7.709939e+01	1.117629e+01
2.112000e+00	7.709939e+01	1.117629e+01
2.124000e+00	7.709939e+01	1.117629e+01
2.136000e+00	7.709939e+01	1.117629e+01
2.148000e+00	7.709939e+01	1.117629e+01
2.160000e+00	7.709939e+01	1.117629e+01
2.172000e+00	7.709939e+01	1.117629e+01
2.184000e+00	7.709939e+01	1.117629e+01
2.196000e+00	7.709939e+01	1.117629e+01
2.208000e+00	7.709939e+01	1.117629e+01
2.220000e+00	7.709939e+01	1.117629e+01
2.232000e+00	7.709939e+01	1.117629e+01
2.244000e+00	7.709939e+01	1.117629e+01
2.256000e+00	7.709939e+01	1.117629e+01
2.268000e+00	7.709939e+01	1.117629e+01
2.280000e+00	7.709939e+01	1.117629e+01
2.292000e+00	7.709939e+01	1.117629e+01
2.304000e+00	7.709939e+01	1.117629e+01
2.316000e+00	7.709939e+01	1.117629e+01
2.328000e+00	7.709939e+01	1.117629e+01
2.340000e+00	7.709939e+01	1.117629e+01
2.352000e+00	7.709939e+01	1.117629e+01
2.364000e+00	7.709939e+01	1.117629e+01
2.376000e+00	7.709939e+01	1.117629e+01
2.388000e+00	7.709939e+01	1.117629e+01
2.400000e+00	7.709939e+01	1.117629e+01
2.412000e+00	7.709939e+01	1.117629e+01
2.424000e+00	7.709939e+01	1.117629e+01
2.436000e+00	7.709939e+01	1.117629e+01
2.448000e+00	7.709939e+01	1.117629e+01
2.460000e+00	7.709939e+01	1.117629e+01
2.472000e+00	7.709939e+01	1.117629e+01
2.484000e+00	7.709939e+01	1.117629e+01
2.496000e+00	7.709939e+01	1.117629e+01
2.508000e+00	7.709939e+01	1.117629e+01
2.520000e+00	7.709939e+01	1.117629e+01
2.532000e+00	7.709939e+01	1.117629e+01
2.544000e+00	7.709939e+01	1.117629e+01
2.556000e+00	7.709939e+01	1.117629e+01
2.568000e+00	7.709939e+01	1.117629e+01
2.580000e+00	7.709939e+01	1.117629e+01
2.592000e+00	7.709939e+01	1.117629e+01
2.604000e+00	7.709939e+01	1.117629e+01
2.616000e+00	7.709939e+01	1.117629e+01
2.628000e+00	7.709939e+01	1.117629e+01
2.640000e+00	7.709939e+01	1.117629e+01
2.652000e+00	7.709939e+01	1.117629e+01
2.664000e+00	7.709939e+01	1.117629e+01
2.676000e+00	7.709939e+01	1.117629e+01
2.688000e+00	7.709939e+01	1.117629e+01
2.700000e+00	7.709939e+01	1.117629e+01
2.712000e+00	7.709939e+01	1.117629e+01
2.724000e+00	7.709939e+01	1.117629e+01
2.736000e+00	7.709939e+01	1.117629e+01
2.748000e+00	7.709939e+01	1.117629e+01
2.760000e+00	7.709939e+01	1.117629e+01
2.772000e+00	7.709939e+01	1.117629e+01
2.784000e+00	7.709939e+01	1.117629e+01
2.796000e+00	7.709939e+01	1.117629e+01
2.808000e+00	7.709939e+01	1.117629e+01
2.820000e+00	7.709939e+01	1.117629e+01
2.832000e+00	7.709939e+01	1.117629e+01
2.844000e+00	7.709939e+01	1.117629e+01
2.856000e+00	7.709939e+01	1.117629e+01
2.868000e+00	7.709939e+01	1.117629e+01
2.880000e+00	7.709939e+01	1.117629e+01
2.892000e+00	7.709939e+01	1.117629e+01
2.904000e+00	7.709939e+01	1.117629e+01
2.916000e+00	7.709939e+01	1.117629e+01
2.928000e+00	7.709939e+01	1.117629e+01
2.940000e+00	7.709939e+01	1.117629e+01
2.952000e+00	7.709939e+01	1.117629e+01
2.964000e+00	7.709939e+01	1.117629e+01
2.976000e+00	7.709939e+01	1.117629e+01
2.988000e+00	7.709939e+01	1.117629e+01
3.000000e+00	7.709939e+01	1.117629e+01
3.012000e+00	7.709939e+01	1.117629e+01
3.024000e+00	7.709939e+01	1.117629e+01
3.036000e+00	7.709939e+01	1.117629e+01
3.048000e+00	7.709939e+01	1.117629e+01
3.060000e+00	7.709939e+01	1.117629e+01
3.072000e+00	7.709939e+01	1.117629e+01
3.084000e+00	7.709939e+01	1.117629e+01
3.096000e+00	7.709939e+01	1.117629e+01
3.108000e+00	7.709939e+01	1.117629e+01
3.120000e+00	7.709939e+01	1.117629e+01
3.132000e+00	7.709939e+01	1.117629e+01
3.144000e+00	7.709939e+01	1.117629e+01
3.156000e+00	7.709939e+01	1.117629e+01
3.168000e+00	7.709939e+01	1.117629e+01
3.180000e+00	7.709939e+01	1.117629e+01
3.192000e+00	7.709939e+01	1.117629e+01
3.204000e+00	7.709939e+01	1.117629e+01
3.216000e+00	7.709939e+01	1.117629e+01
3.228000e+00	7.709939e+01	1.117629e+01
3.240000e+00	7.709939e+01	1.117629e+01
3.252000e+00	7.709939e+01	1.117629e+01
3.264000e+00	7.709939e+01	1.117629e+01
3.276000e+00	7.709939e+01	1.117629e+01
3.288000e+00	7.709939e+01	1.117629e+01
3.300000e+00	7.709939e+01	1.117629e+01
3.312000e+00	7.709939e+01	1.117629e+01
3.324000e+00	7.709939e+01	1.117629e+01
3.336000e+00	7.709939e+01	1.117629e+01
3.348000e+00	7.709939e+01	1.117629e+01
3.360000e+00	7.709939e+01	1.117629e+01
3.372000e+00	7.709939e+01	1.117629e+01
3.384000e+00	7.709939e+01	1.117629e+01
3.396000e+00	7.709939e+01	1.117629e+01
3.408000e+00	7.709939e+01	1.117629e+01
3.420000e+00	7.709939e+01	1.117629e+01
3.432000e+00	7.709939e+01	1.117629e+01
3.444000e+00	7.709939e+01	1.117629e+01
3.456000e+00	7.709939e+01	1.117629e+01
3.468000e+00	7.709939e+01	1.117629e+01
3.480000e+00	7.709939e+01	1.117629e+01
3.492000e+00	7.709939e+01	1.117629e+01
3.504000e+00	7.709939e+01	1.117629e+01
3.516000e+00	7.709939e+01	1.117629e+01
3.528000e+00	7.709939e+01	1.117629e+01
3.540000e+00	7.709939e+01	1.117629e+01
3.552000e+00	7.709939e+01	1.117629e+01
3.564000e+00	7.709939e+01	1.117629e+01
3.576000e+00	7.709939e+01	1.117629e+01
3.588000e+00	7.709939e+01	1.117629e+01
3.600000e+00	7.709939e+01	1.117629e+01
3.612000e+00	7.709939e+01	1.117629e+01
3.624000e+00	7.709939e+01	1.117629e+01
3.636000e+00	7.709939e+01	1.117629e+01
3.648000e+00	7.709939e+01	1.117629e+01
3.660000e+00	7.709939e+01	1.117629e+01
3.672000e+00	7.709939e+01	1.117629e+01
3.684000e+00	7.709939e+01	1.117629e+01
3.696000e+00	7.709939e+01	1.117629e+01
3.708000e+00	7.709939e+01	1.117629e+01
3.720000e+00	7.709939e+01	1.117629e+01
3.732000e+00	7.709939e+01	1.117629e+01
3.744000e+00	7.709939e+01	1.117629e+01
3.756000e+00	7.709939e+01	1.117629e+01
3.768000e+00	7.709939e+01	1.117629e+01
3.780000e+00	7.709939e+01	1.117629e+01
3.792000e+00	7.709939e+01	1.117629e+01
3.804000e+00	7.709939e+01	1.117629e+01
3.816000e+00	7.709939e+01	1.117629e+01
3.828000e+00	7.709939e+01	1.117629e+01
3.840000e+00	7.709939e+01	1.117629e+01
3.852000e+00	7.709939e+01	1.117629e+01
3.864000e+00	7.709939e+01	1.117629e+01
3.876000e+00	7.709939e+01	1.117629e+01
3.888000e+00	7.709939e+01	1.117629e+01
3.900000e+00	7.709939e+01	1.117629e+01
3.912000e+00	7.709939e+01	1.117629e+01
3.924000e+00	7.709939e+01	1.117629e+01
3.936000e+00	7.709939e+01	1.117629e+01
3.948000e+00	7.709939e+01	1.117629e+01
3.960000e+00	7.709939e+01	1.117629e+01
3.972000e+00	7.709939e+01	1.117629e+01
3.984000e+00	7.709939e+01	1.117629e+01
3.996000e+00	7.709939e+01	1.117629e+01
4.008000e+00	7.709939e+01	1.117629e+01
4.020000e+00	7.709939e+01	1.117629e+01
4.032000e+00	7.709939e+01	1.117629e+01
4.044000e+00	7.709939e+01	1.117629e+01
4.056000e+00	7.709939e+01	1.117629e+01
4.068000e+00	7.709939e+01	1.117629e+01
4.080000e+00	7.709939e+01	1.117629e+01
4.092000e+00	7.709939e+01	1.117629e+01
4.104000e+00	7.709939e+01	1.117629e+01
4.116000e+00	7.709939e+01	1.117629e+01
4.128000e+00	7.709939e+01	1.117629e+01
4.140000e+00	7.709939e+01	1.117629e+01
4.152000e+00	7.709939e+01	1.117629e+01
4.164000e+00	7.709939e+01	1.117629e+01
4.176000e+00	7.709939e+01	1.117629e+01
4.188000e+00	7.709939e+01	1.117629e+01
4.200000e+00	7.709939e+01	1.117629e+01
4.212000e+00	7.709939e+01	1.117629e+01
4.224000e+00	7.709939e+01	1.117629e+01
4.236000e+00	7.709939e+01	1.117629e+01
4.248000e+00	7.709939e+01	1.117629e+01
4.260000e+00	7.709939e+01	1.117629e+01
4.272000e+00	7.709939e+01	1.117629e+01
4.284000e+00	7.709939e+01	1.117629e+01
4.296000e+00	7.709939e+01	1.117629e+01
4.308000e+00	7.709939e+01	1.117629e+01
4.320000e+00	7.709939e+01	1.117629e+01
4.332000e+00	7.709939e+01	1.117629e+01
4.344000e+00	7.709939e+01	1.117629e+01
4.356000e+00	7.709939e+01	1.117629e+01
4.368000e+00	7.709939e+01	1.117629e+01
4.380000e+00	7.709939e+01	1.117629e+01
4.392000e+00	7.709939e+01	1.117629e+01
4.404000e+00	7.709939e+01	1.117629e+01
4.416000e+00	7.709939e+01	1.117629e+01
4.428000e+00	7.709939e+01	1.117629e+01
4.440000e+00	7.709939e+01	1.117629e+01
4.452000e+00	7.709939e+01	1.117629e+01
4.464000e+00	7.709939e+01	1.117629e+01
4.476000e+00	7.709939e+01	1.117629e+01
4.488000e+00	7.709939e+01	1.117629e+01
4.500000e+00	7.709939e+01	1.117629e+01
4.512000e+00	7.709939e+01	1.117629e+01
4.524000e+00	7.709939e+01	1.117629e+01
4.536000e+00	7.709939e+01	1.117629e+01
4.548000e+00	7.709939e+01	1.117629e+01
4.560000e+00	7.709939e+01	1.117629e+01
4.572000e+00	7.709939e+01	1.117629e+01
4.584000e+00	7.709939e+01	1.117629e+01
4.596000e+00	7.709939e+01	1.117629e+01
4.608000e+00	7.709939e+01	1.117629e+01
4.620000e+00	7.709939e+01	1.117629e+01
4.632000e+00	7.709939e+01	1.117629e+01
4.644000e+00	7.709939e+01	1.117629e+01
4.656000e+00	7.709939e+01	1.117629e+01
4.668000e+00	7.709939e+01	1.117629e+01
4.680000e+00	7.709939e+01	1.117629e+01
4.692000e+00	7.709939e+01	1.117629e+01
4.704000e+00	7.709939e+01	1.117629e+01
4.716000e+00	7.709939e+01	1.117629e+01
4.728000e+00	7.709939e+01	1.117629e+01
4.740000e+00	7.709939e+01	1.117629e+01
4.752000e+00	7.709939e+01	1.117629e+01
4.764000e+00	7.709939e+01	1.117629e+01
4.776000e+00	7.709939e+01	1.117629e+01
4.788000e+00	7.709939e+01	1.117629e+01
4.800000e+00	7.709939e+01	1.117629e+01
4.812000e+00	7.709939e+01	1.117629e+01
4.824000e+00	7.709939e+01	1.117629e+01
4.836000e+00	7.709939e+01	1.117629e+01
4.848000e+00	7.709939e+01	1.117629e+01
4.860000e+00	7.709939e+01	1.117629e+01
4.872000e+00	7.709939e+01	1.117629e+01
4.884000e+00	7.709939e+01	1.117629e+01
4.896000e+00	7.709939e+01	1.117629e+01
4.908000e+00	7.709939e+01	1.117629e+01
4.920000e+00	7.709939e+01	1.117629e+01
4.932000e+00	7.709939e+01	1.117629e+01
4.944000e+00	7.709939e+01	1.117629e+01
4.956000e+00	7.709939e+01	1.117629e+01
4.968000e+00	7.709939e+01	1.117629e+01
4.980000e+00	7.709939e+01	1.117629e+01
4.992000e+00	7.709939e+01	1.117629e+01
5.004000e+00	7.709939e+01	1.117629e+01
5.016000e+00	7.709939e+01	1.117629e+01
5.028000e+00	7.709939e+01	1.117629e+01
5.040000e+00	7.709939e+01	1.117629e+01
5.052000e+00	7.709939e+01	1.117629e+01
5.064000e+00	7.709939e+01	1.117629e+01
5.076000e+00	7.709939e+01	1.117629e+01
5.088000e+00	7.709939e+01	1.117629e+01
5.100000e+00	7.709939e+01	1.117629e+01
5.112000e+00	7.709939e+01	1.117629e+01
5.124000e+00	7.709939e+01	1.117629e+01
5.136000e+00	7.709939e+01	1.117629e+01
5.148000e+00	7.709939e+01	1.117629e+01
5.160000e+00	7.709939e+01	1.117629e+01
5.172000e+00	7.709939e+01	1.117629e+01
5.184000e+00	7.709939e+01	1.117629e+01
5.196000e+00	7.709939e+01	1.117629e+01
5.208000e+00	7.709939e+01	1.117629e+01
5.220000e+00	7.709939e+01	1.117629e+01
5.232000e+00	7.709939e+01	1.117629e+01
5.244000e+00	7.709939e+01	1.117629e+01
5.256000e+00	7.709939e+01	1.117629e+01
5.268000e+00	7.709939e+01	1.117629e+01
5.280000e+00	7.709939e+01	1.117629e+01
5.292000e+00	7.709939e+01	1.117629e+01
5.304000e+00	7.709939e+01	1.117629e+01
5.316000e+00	7.709939e+01	1.117629e+01
5.328000e+00	7.709939e+01	1.117629e+01
5.340000e+00	7.709939e+01	1.117629e+01
5.352000e+00	7.709939e+01	1.117629e+01
5.364000e+00	7.709939e+01	1.117629e+01
5.376000e+00	7.709939e+01	1.117629e+01
5.388000e+00	7.709939e+01	1.117629e+01
5.400000e+00	7.709939e+01	1.117629e+01
5.412000e+00	7.709939e+01	1.117629e+01
5.424000e+00	7.709939e+01	1.117629e+01
5.436000e+00	7.709939e+01	1.117629e+01
5.448000e+00	7.709939e+01	1.117629e+01
5.460000e+00	7.709939e+01	1.117629e+01
5.472000e+00	7.709939e+01	1.117629e+01
5.484000e+00	7.709939e+01	1.117629e+01
5.496000e+00	7.709939e+01	1.117629e+01
5.508000e+00	7.709939e+01	1.117629e+01
5.520000e+00	7.709939e+01	1.117629e+01
5.532000e+00	7.709939e+01	1.117629e+01
5.544000e+00	7.709939e+01	1.117629e+01
5.556000e+00	7.709939e+01	1.117629e+01
5.568000e+00	7.709939e+01	1.117629e+01
5.580000e+00	7.709939e+01	1.117629e+01
5.592000e+00	7.709939e+01	1.117629e+01
5.604000e+00	7.709939e+01	1.117629e+01
5.616000e+00	7.709939e+01	1.117629e+01
5.628000e+00	7.709939e+01	1.117629e+01
5.640000e+00	7.709939e+01	1.117629e+01
5.652000e+00	7.709939e+01	1.117629e+01
5.664000e+00	7.709939e+01	1.117629e+01
5.676000e+00	7.709939e+01	1.117629e+01
5.688000e+00	7.709939e+01	1.117629e+01
5.700000e+00	7.709939e+01	1.117629e+01
5.712000e+00	7.709939e+01	1.117629e+01
5.724000e+00	7.709939e+01	1.117629e+01
5.736000e+00	7.709939e+01	1.117629e+01
5.748000e+00	7.709939e+01	1.117629e+01
5.760000e+00	7.709939e+01	1.117629e+01
5.772000e+00	7.709939e+01	1.117629e+01
5.784000e+00	7.709939e+01	1.117629e+01
5.796000e+00	7.709939e+01	1.117629e+01
5.808000e+00	7.709939e+01	1.117629e+01
5.820000e+00	7.709939e+01	1.117629e+01
5.832000e+00	7.709939e+01	1.117629e+01
5.844000e+00	7.709939e+01	1.117629e+01
5.856000e+00	7.709939e+01	1.117629e+01
5.868000e+00	7.709939e+01	1.117629e+01
5.880000e+00	7.709939e+01	1.117629e+01
5.892000e+00	7.709939e+01	1.117629e+01
5.904000e+00	7.709939e+01	1.117629e+01
5.916000e+00	7.709939e+01	1.117629e+01
5.928000e+00	7.709939e+01	1.117629e+01
5.940000e+00	7.709939e+01	1.117629e+01
5.952000e+00	7.709939e+01	1.117629e+01
5.964000e+00	7.709939e+01	1.117629e+01
5.976000e+00	7.709939e+01	1.117629e+01
5.988000e+00	7.709939e+01	1.117629e+01
6.000000e+00	7.709939e+01	1.117629e+01
0.000000e+00	7.709939e+01	1.117629e+01
1.200000e-02	7.709938e+01	1.119501e+01
2.400000e-02	7.709937e+01	1.125087e+01
3.600000e-02	7.709937e+01	1.134342e+01
4.800000e-02	7.709942e+01	1.147221e+01
6.000000e-02	7.709955e+01	1.163678e+01
7.200000e-02	7.709982e+01	1.183669e+01
8.400000e-02	7.710029e+01	1.207149e+01
9.600000e-02	7.710103e+01	1.234072e+01
1.080000e-01	7.710212e+01	1.264392e+01
1.200000e-01	7.710367e+01	1.298066e+01
1.320000e-01	7.710575e+01	1.335048e+01
1.440000e-01	7.710849e+01	1.375292e+01
1.560000e-01	7.711199e+01	1.418754e+01
1.680000e-01	7.711639e+01	1.465388e+01
1.800000e-01	7.712179e+01	1.515148e+01
1.920000e-01	7.712835e+01	1.567990e+01
2.040000e-01	7.713620e+01	1.623867e+01
2.160000e-01	7.714549e+01	1.682735e+01
2.280000e-01	7.715636e+01	1.744548e+01
2.400000e-01	7.716897e+01	1.809261e+01
2.520000e-01	7.718349e+01	1.876827e+01
2.640000e-01	7.720007e+01	1.947201e+01
2.760000e-01	7.721889e+01	2.020336e+01
2.880000e-01	7.724010e+01	2.096189e+01
3.000000e-01	7.726388e+01	2.174711e+01
3.120000e-01	7.729042e+01	2.255857e+01
3.240000e-01	7.731987e+01	2.339581e+01
3.360000e-01	7.735243e+01	2.425837e+01
3.480000e-01	7.738826e+01	2.514577e+01
3.600000e-01	7.742756e+01	2.605757e+01
3.720000e-01	7.747049e+01	2.699328e+01
3.840000e-01	7.751725e+01	2.795245e+01
3.960000e-01	7.756800e+01	2.893460e+01
4.080000e-01	7.762293e+01	2.993927e+01
4.200000e-01	7.768222e+01	3.096598e+01
4.320000e-01	7.774604e+01	3.201426e+01
4.440000e-01	7.781458e+01	3.308364e+01
4.560000e-01	7.788800e+01	3.417365e+01
4.680000e-01	7.796648e+01	3.528381e+01
4.800000e-01	7.805018e+01	3.641363e+01
4.920000e-01	7.813929e+01	3.756266e+01
5.040000e-01	7.823395e+01	3.873040e+01
5.160000e-01	7.833433e+01	3.991637e+01
5.280000e-01	7.844059e+01	4.112010e+01
5.400000e-01	7.855288e+01	4.234109e+01
5.520000e-01	7.867136e+01	4.357888e+01
5.640000e-01	7.879616e+01	4.483297e+01
5.760000e-01	7.892744e+01	4.610288e+01
5.880000e-01	7.906532e+01	4.738811e+01
6.000000e-01	7.920994e+01	4.868819e+01
6.120000e-01	7.936143e+01	5.000263e+01
6.240000e-01	7.951991e+01	5.133093e+01
6.360000e-01	7.968549e+01	5.267261e+01
6.480000e-01	7.985828e+01	5.402717e+01
6.600000e-01	8.003839e+01	5.539413e+01
6.720000e-01	8.022593e+01	5.677299e+01
6.840000e-01	8.042097e+01	5.816325e+01
6.960000e-01	8.062360e+01	5.956444e+01
7.080000e-01	8.083391e+01	6.097605e+01
7.200000e-01	8.105197e+01	6.239758e+01
7.320000e-01	8.127784e+01	6.382856e+01
7.440000e-01	8.151158e+01	6.526847e+01
7.560000e-01	8.175325e+01	6.671684e+01
7.680000e-01	8.200287e+01	6.817316e+01
7.800000e-01	8.226051e+01	6.963695e+01
7.920000e-01	8.252617e+01	7.110770e+01
8.040000e-01	8.279988e+01	7.258492e+01
8.160000e-01	8.308166e+01	7.406813e+01
8.280000e-01	8.337151e+01	7.555683e+01
8.400000e-01	8.366943e+01	7.705054e+01
8.520000e-01	8.397541e+01	7.854875e+01
8.640000e-01	8.428943e+01	8.005098e+01
8.760000e-01	8.461147e+01	8.155674e+01
8.880000e-01	8.494148e+01	8.306554e+01
9.000000e-01	8.527943e+01	8.457690e+01
9.120000e-01	8.562526e+01	8.609033e+01
9.240000e-01	8.597892e+01	8.760535e+01
9.360000e-01	8.634033e+01	8.912148e+01
9.480000e-01	8.670942e+01	9.063823e+01
9.600000e-01	8.708611e+01	9.215513e+01
9.720000e-01	8.747030e+01	9.367169e+01
9.840000e-01	8.786189e+01	9.518745e+01
9.960000e-01	8.826077e+01	9.670193e+01
1.008000e+00	8.866681e+01	9.821466e+01
1.020000e+00	8.907991e+01	9.972516e+01
1.032000e+00	8.949991e+01	1.012330e+02
1.044000e+00	8.992668e+01	1.027377e+02
1.056000e+00	9.036006e+01	1.042387e+02
1.068000e+00	9.079989e+01	1.057357e+02
1.080000e+00	9.124600e+01	1.072282e+02
1.092000e+00	9.169823e+01	1.087156e+02
1.104000e+00	9.215638e+01	1.101977e+02
1.116000e+00	9.262026e+01	1.116738e+02
1.128000e+00	9.308967e+01	1.131437e+02
1.140000e+00	9.356440e+01	1.146067e+02
1.152000e+00	9.404424e+01	1.160626e+02
1.164000e+00	9.452896e+01	1.175108e+02
1.176000e+00	9.501833e+01	1.189509e+02
1.188000e+00	9.551212e+01	1.203826e+02
1.200000e+00	9.601008e+01	1.218053e+02
1.212000e+00	9.651195e+01	1.232186e+02
1.224000e+00	9.701747e+01	1.246222e+02
1.236000e+00	9.752639e+01	1.260156e+02
1.248000e+00	9.803842e+01	1.273984e+02
1.260000e+00	9.855328e+01	1.287702e+02
1.272000e+00	9.907069e+01	1.301306e+02
1.284000e+00	9.959035e+01	1.314792e+02
1.296000e+00	1.001120e+02	1.328155e+02
1.308000e+00	1.006352e+02	1.341393e+02
1.320000e+00	1.011599e+02	1.354501e+02
1.332000e+00	1.016855e+02	1.367474e+02
1.344000e+00	1.022118e+02	1.380311e+02
1.356000e+00	1.027385e+02	1.393005e+02
1.368000e+00	1.032653e+02	1.405555e+02
1.380000e+00	1.037917e+02	1.417956e+02
1.392000e+00	1.043175e+02	1.430204e+02
1.404000e+00	1.048423e+02	1.442296e+02
1.416000e+00	1.053658e+02	1.454228e+02
1.428000e+00	1.058876e+02	1.465997e+02
1.440000e+00	1.064074e+02	1.477598e+02
1.452000e+00	1.069247e+02	1.489029e+02
1.464000e+00	1.074392e+02	1.500286e+02
1.476000e+00	1.079506e+02	1.511366e+02
1.488000e+00	1.084585e+02	1.522265e+02
1.500000e+00	1.089625e+02	1.532979e+02
1.512000e+00	1.094621e+02	1.543506e+02
1.524000e+00	1.099572e+02	1.553842e+02
1.536000e+00	1.104472e+02	1.563983e+02
1.548000e+00	1.109318e+02	1.573927e+02
1.560000e+00	1.114105e+02	1.583670e+02
1.572000e+00	1.118831e+02	1.593208e+02
1.584000e+00	1.123491e+02	1.602539e+02
1.596000e+00	1.128081e+02	1.611660e+02
1.608000e+00	1.132597e+02	1.620567e+02
1.620000e+00	1.137036e+02	1.629257e+02
1.632000e+00	1.141394e+02	1.637726e+02
1.644000e+00	1.145666e+02	1.645973e+02
1.656000e+00	1.149849e+02	1.653993e+02
1.668000e+00	1.153938e+02	1.661783e+02
1.680000e+00	1.157931e+02	1.669341e+02
1.692000e+00	1.161823e+02	1.676662e+02
1.704000e+00	1.165611e+02	1.683745e+02
1.716000e+00	1.169289e+02	1.690586e+02
1.728000e+00	1.172856e+02	1.697181e+02
1.740000e+00	1.176306e+02	1.703528e+02
1.752000e+00	1.179637e+02	1.709624e+02
1.764000e+00	1.182843e+02	1.715465e+02
1.776000e+00	1.185923e+02	1.721048e+02
1.788000e+00	1.188872e+02	1.726370e+02
1.800000e+00	1.191686e+02	1.731429e+02
1.812000e+00	1.194362e+02	1.736219e+02
1.824000e+00	1.196897e+02	1.740740e+02
1.836000e+00	1.199286e+02	1.744986e+02
1.848000e+00	1.201527e+02	1.748955e+02
1.860000e+00	1.203616e+02	1.752645e+02
1.872000e+00	1.205550e+02	1.756050e+02
1.884000e+00	1.207326e+02	1.759168e+02
1.896000e+00	1.208940e+02	1.761996e+02
1.908000e+00	1.210390e+02	1.764530e+02
1.920000e+00	1.211671e+02	1.766767e+02
1.932000e+00	1.212783e+02	1.768703e+02
1.944000e+00	1.213721e+02	1.770334e+02
1.956000e+00	1.214482e+02	1.771658e+02
1.968000e+00	1.215065e+02	1.772669e+02
1.980000e+00	1.215467e+02	1.773366e+02
1.992000e+00	1.215684e+02	1.773743e+02
2.004000e+00	1.215725e+02	1.773802e+02
2.016000e+00	1.215711e+02	1.773607e+02
2.028000e+00	1.215680e+02	1.773180e+02
2.040000e+00	1.215632e+02	1.772524e+02
2.052000e+00	1.215568e+02	1.771642e+02
2.064000e+00	1.215489e+02	1.770536e+02
2.076000e+00	1.215394e+02	1.769210e+02
2.088000e+00	1.215285e+02	1.767667e+02
2.100000e+00	1.215161e+02	1.765908e+02
2.112000e+00	1.215024e+02	1.763937e+02
2.124000e+00	1.214875e+02	1.761757e+02
2.136000e+00	1.214713e+02	1.759371e+02
2.148000e+00	1.214540e+02	1.756780e+02
2.160000e+00	1.214357e+02	1.753989e+02
2.172000e+00	1.214164e+02	1.750999e+02
2.184000e+00	1.213963e+02	1.747814e+02
2.196000e+00	1.213754e+02	1.744437e+02
2.208000e+00	1.213538e+02	1.740869e+02
2.220000e+00	1.213317e+02	1.737115e+02
2.232000e+00	1.213090e+02	1.733176e+02
2.244000e+00	1.212860e+02	1.729056e+02
2.256000e+00	1.212627e+02	1.724758e+02
2.268000e+00	1.212392e+02	1.720283e+02
2.280000e+00	1.212157e+02	1.715635e+02
2.292000e+00	1.211922e+02	1.710817e+02
2.304000e+00	1.211689e+02	1.705832e+02
2.316000e+00	1.211459e+02	1.700682e+02
2.328000e+00	1.211233e+02	1.695370e+02
2.340000e+00	1.211011e+02	1.689899e+02
2.352000e+00	1.210796e+02	1.684271e+02
2.364000e+00	1.210588e+02	1.678491e+02
2.376000e+00	1.210389e+02	1.672559e+02
2.388000e+00	1.210199e+02	1.666480e+02
2.400000e+00	1.210020e+02	1.660256e+02
2.412000e+00	1.209853e+02	1.653890e+02
2.424000e+00	1.209699e+02	1.647385e+02
2.436000e+00	1.209559e+02	1.640743e+02
2.448000e+00	1.209434e+02	1.633968e+02
2.460000e+00	1.209326e+02	1.627062e+02
2.472000e+00	1.209236e+02	1.620029e+02
2.484000e+00	1.209164e+02	1.612870e+02
2.496000e+00	1.209112e+02	1.605589e+02
2.508000e+00	1.209081e+02	1.598190e+02
2.520000e+00	1.209072e+02	1.590674e+02
2.532000e+00	1.209085e+02	1.583044e+02
2.544000e+00	1.209123e+02	1.575304e+02
2.556000e+00	1.209185e+02	1.567457e+02
2.568000e+00	1.209273e+02	1.559505e+02
2.580000e+00	1.209389e+02	1.551451e+02
2.592000e+00	1.209532e+02	1.543299e+02
2.604000e+00	1.209703e+02	1.535051e+02
2.616000e+00	1.209904e+02	1.526709e+02
2.628000e+00	1.210136e+02	1.518278e+02
2.640000e+00	1.210399e+02	1.509760e+02
2.652000e+00	1.210694e+02	1.501158e+02
2.664000e+00	1.211022e+02	1.492475e+02
2.676000e+00	1.211383e+02	1.483714e+02
2.688000e+00	1.211778e+02	1.474877e+02
2.700000e+00	1.212208e+02	1.465969e+02
2.712000e+00	1.212674e+02	1.456991e+02
2.724000e+00	1.213176e+02	1.447947e+02
2.736000e+00	1.213715e+02	1.438840e+02
2.748000e+00	1.214290e+02	1.429673e+02
2.760000e+00	1.214904e+02	1.420449e+02
2.772000e+00	1.215555e+02	1.411170e+02
2.784000e+00	1.216245e+02	1.401840e+02
2.796000e+00	1.216974e+02	1.392462e+02
2.808000e+00	1.217742e+02	1.383039e+02
2.820000e+00	1.218550e+02	1.373574e+02
2.832000e+00	1.219397e+02	1.364069e+02
2.844000e+00	1.220284e+02	1.354528e+02
2.856000e+00	1.221211e+02	1.344954e+02
2.868000e+00	1.222179e+02	1.335350e+02
2.880000e+00	1.223187e+02	1.325718e+02
2.892000e+00	1.224235e+02	1.316062e+02
2.904000e+00	1.225323e+02	1.306386e+02
2.916000e+00	1.226452e+02	1.296690e+02
2.928000e+00	1.227621e+02	1.286980e+02
2.940000e+00	1.228830e+02	1.277258e+02
2.952000e+00	1.230079e+02	1.267526e+02
2.964000e+00	1.231367e+02	1.257788e+02
2.976000e+00	1.232695e+02	1.248046e+02
2.988000e+00	1.234061e+02	1.238305e+02
3.000000e+00	1.235467e+02	1.228565e+02
3.012000e+00	1.236910e+02	1.218832e+02
3.024000e+00	1.238392e+02	1.209107e+02
3.036000e+00	1.239910e+02	1.199394e+02
3.048000e+00	1.241466e+02	1.189695e+02
3.060000e+00	1.243057e+02	1.180013e+02
3.072000e+00	1.244684e+02	1.170352e+02
3.084000e+00	1.246346e+02	1.160713e+02
3.096000e+00	1.248042e+02	1.151101e+02
3.108000e+00	1.249771e+02	1.141518e+02
3.120000e+00	1.251533e+02	1.131967e+02
3.132000e+00	1.253327e+02	1.122450e+02
3.144000e+00	1.255151e+02	1.112971e+02
3.156000e+00	1.257006e+02	1.103533e+02
3.168000e+00	1.258889e+02	1.094138e+02
3.180000e+00	1.260800e+02	1.084789e+02
3.192000e+00	1.262738e+02	1.075489e+02
3.204000e+00	1.264701e+02	1.066240e+02
3.216000e+00	1.266690e+02	1.057046e+02
3.228000e+00	1.268701e+02	1.047910e+02
3.240000e+00	1.270735e+02	1.038834e+02
3.252000e+00	1.272790e+02	1.029820e+02
3.264000e+00	1.274865e+02	1.020872e+02
3.276000e+00	1.276958e+02	1.011992e+02
3.288000e+00	1.279068e+02	1.003184e+02
3.300000e+00	1.281193e+02	9.944491e+01
3.312000e+00	1.283333e+02	9.857907e+01
3.324000e+00	1.285486e+02	9.772114e+01
3.336000e+00	1.287649e+02	9.687139e+01
3.348000e+00	1.289823e+02	9.603008e+01
3.360000e+00	1.292005e+02	9.519748e+01
3.372000e+00	1.294193e+02	9.437384e+01
3.384000e+00	1.296386e+02	9.355944e+01
3.396000e+00	1.298583e+02	9.275452e+01
3.408000e+00	1.300782e+02	9.195934e+01
3.420000e+00	1.302980e+02	9.117417e+01
3.432000e+00	1.305177e+02	9.039926e+01
3.444000e+00	1.307370e+02	8.963486e+01
3.456000e+00	1.309559e+02	8.888122e+01
3.468000e+00	1.311740e+02	8.813860e+01
3.480000e+00	1.313912e+02	8.740725e+01
3.492000e+00	1.316075e+02	8.668742e+01
3.504000e+00	1.318224e+02	8.597935e+01
3.516000e+00	1.320360e+02	8.528329e+01
3.528000e+00	1.322479e+02	8.459950e+01
3.540000e+00	1.324581e+02	8.392820e+01
3.552000e+00	1.326663e+02	8.326965e+01
3.564000e+00	1.328723e+02	8.262409e+01
3.576000e+00	1.330760e+02	8.199177e+01
3.588000e+00	1.332771e+02	8.137292e+01
3.600000e+00	1.334755e+02	8.076778e+01
3.612000e+00	1.336709e+02	8.017660e+01
3.624000e+00	1.338633e+02	7.959961e+01
3.636000e+00	1.340523e+02	7.903705e+01
3.648000e+00	1.342378e+02	7.848917e+01
3.660000e+00	1.344196e+02	7.795619e+01
3.672000e+00	1.345976e+02	7.743836e+01
3.684000e+00	1.347715e+02	7.693591e+01
3.696000e+00	1.349411e+02	7.644908e+01
3.708000e+00	1.351062e+02	7.597810e+01
3.720000e+00	1.352667e+02	7.552322e+01
3.732000e+00	1.354224e+02	7.508467e+01
3.744000e+00	1.355731e+02	7.466268e+01
3.756000e+00	1.357185e+02	7.425749e+01
3.768000e+00	1.358586e+02	7.386935e+01
3.780000e+00	1.359931e+02	7.349848e+01
3.792000e+00	1.361219e+02	7.314512e+01
3.804000e+00	1.362448e+02	7.280952e+01
3.816000e+00	1.363616e+02	7.249191e+01
3.828000e+00	1.364721e+02	7.219254e+01
3.840000e+00	1.365762e+02	7.191163e+01
3.852000e+00	1.366737e+02	7.164944e+01
3.864000e+00	1.367645e+02	7.140621e+01
3.876000e+00	1.368483e+02	7.118218e+01
3.888000e+00	1.369251e+02	7.097760e+01
3.900000e+00	1.369947e+02	7.079270e+01
3.912000e+00	1.370569e+02	7.062775e+01
3.924000e+00	1.371116e+02	7.048299e+01
3.936000e+00	1.371587e+02	7.035866e+01
3.948000e+00	1.371980e+02	7.025503e+01
3.960000e+00	1.372293e+02	7.017235e+01
3.972000e+00	1.372527e+02	7.011087e+01
3.984000e+00	1.372679e+02	7.007085e+01
3.996000e+00	1.372749e+02	7.005256e+01
4.008000e+00	1.372766e+02	7.004796e+01
4.020000e+00	1.372832e+02	7.003032e+01
4.032000e+00	1.372954e+02	6.999776e+01
4.044000e+00	1.373131e+02	6.995046e+01
4.056000e+00	1.373363e+02	6.988862e+01
4.068000e+00	1.373649e+02	6.981243e+01
4.080000e+00	1.373989e+02	6.972208e+01
4.092000e+00	1.374382e+02	6.961778e+01
4.104000e+00	1.374828e+02	6.949972e+01
4.116000e+00	1.375326e+02	6.936811e+01
4.128000e+00	1.375876e+02	6.922316e+01
4.140000e+00	1.376477e+02	6.906506e+01
4.152000e+00	1.377129e+02	6.889403e+01
4.164000e+00	1.377833e+02	6.871028e+01
4.176000e+00	1.378586e+02	6.851402e+01
4.188000e+00	1.379390e+02	6.830546e+01
4.200000e+00	1.380243e+02	6.808482e+01
4.212000e+00	1.381146e+02	6.785231e+01
4.224000e+00	1.382099e+02	6.760816e+01
4.236000e+00	1.383100e+02	6.735257e+01
4.248000e+00	1.384150e+02	6.708578e+01
4.260000e+00	1.385248e+02	6.680799e+01
4.272000e+00	1.386395e+02	6.651943e+01
4.284000e+00	1.387590e+02	6.622033e+01
4.296000e+00	1.388832e+02	6.591091e+01
4.308000e+00	1.390122e+02	6.559139e+01
4.320000e+00	1.391460e+02	6.526200e+01
4.332000e+00	1.392844e+02	6.492297e+01
4.344000e+00	1.394276e+02	6.457451e+01
4.356000e+00	1.395754e+02	6.421685e+01
4.368000e+00	1.397279e+02	6.385023e+01
4.380000e+00	1.398850e+02	6.347487e+01
4.392000e+00	1.400468e+02	6.309100e+01
4.404000e+00	1.402131e+02	6.269884e+01
4.416000e+00	1.403840e+02	6.229863e+01
4.428000e+00	1.405594e+02	6.189058e+01
4.440000e+00	1.407393e+02	6.147494e+01
4.452000e+00	1.409238e+02	6.105192e+01
4.464000e+00	1.411127e+02	6.062175e+01
4.476000e+00	1.413060e+02	6.018467e+01
4.488000e+00	1.415038e+02	5.974089e+01
4.500000e+00	1.417060e+02	5.929065e+01
4.512000e+00	1.419125e+02	5.883418e+01
4.524000e+00	1.421234e+02	5.837168e+01
4.536000e+00	1.423385e+02	5.790341e+01
4.548000e+00	1.425579e+02	5.742956e+01
4.560000e+00	1.427816e+02	5.695038e+01
4.572000e+00	1.430094e+02	5.646609e+01
4.584000e+00	1.432414e+02	5.597690e+01
4.596000e+00	1.434775e+02	5.548304e+01
4.608000e+00	1.437177e+02	5.498473e+01
4.620000e+00	1.439619e+02	5.448219e+01
4.632000e+00	1.442102e+02	5.397563e+01
4.644000e+00	1.444623e+02	5.346529e+01
4.656000e+00	1.447184e+02	5.295136e+01
4.668000e+00	1.449783e+02	5.243407e+01
4.680000e+00	1.452420e+02	5.191363e+01
4.692000e+00	1.455095e+02	5.139025e+01
4.704000e+00	1.457806e+02	5.086414e+01
4.716000e+00	1.460554e+02	5.033553e+01
4.728000e+00	1.463337e+02	4.980460e+01
4.740000e+00	1.466156e+02	4.927157e+01
4.752000e+00	1.469009e+02	4.873664e+01
4.764000e+00	1.471896e+02	4.820003e+01
4.776000e+00	1.474817e+02	4.766192e+01
4.788000e+00	1.477769e+02	4.712252e+01
4.800000e+00	1.480754e+02	4.658203e+01
4.812000e+00	1.483769e+02	4.604064e+01
4.824000e+00	1.486815e+02	4.549855e+01
4.836000e+00	1.489890e+02	4.495595e+01
4.848000e+00	1.492995e+02	4.441303e+01
4.860000e+00	1.496127e+02	4.386998e+01
4.872000e+00	1.499286e+02	4.332698e+01
4.884000e+00	1.502471e+02	4.278423e+01
4.896000e+00	1.505682e+02	4.224189e+01
4.908000e+00	1.508917e+02	4.170016e+01
4.920000e+00	1.512175e+02	4.115921e+01
4.932000e+00	1.515457e+02	4.061922e+01
4.944000e+00	1.518759e+02	4.008035e+01
4.956000e+00	1.522083e+02	3.954279e+01
4.968000e+00	1.525426e+02	3.900669e+01
4.980000e+00	1.528788e+02	3.847223e+01
4.992000e+00	1.532167e+02	3.793957e+01
5.004000e+00	1.535563e+02	3.740887e+01
5.016000e+00	1.538975e+02	3.688028e+01
5.028000e+00	1.542401e+02	3.635398e+01
5.040000e+00	1.545840e+02	3.583010e+01
5.052000e+00	1.549291e+02	3.530881e+01
5.064000e+00	1.552754e+02	3.479025e+01
5.076000e+00	1.556226e+02	3.427457e+01
5.088000e+00	1.559706e+02	3.376191e+01
5.100000e+00	1.563195e+02	3.325242e+01
5.112000e+00	1.566689e+02	3.274623e+01
5.124000e+00	1.570189e+02	3.224349e+01
5.136000e+00	1.573692e+02	3.174432e+01
5.148000e+00	1.577198e+02	3.124886e+01
5.160000e+00	1.580705e+02	3.075723e+01
5.172000e+00	1.584212e+02	3.026957e+01
5.184000e+00	1.587718e+02	2.978600e+01
5.196000e+00	1.591221e+02	2.930664e+01
5.208000e+00	1.594720e+02	2.883161e+01
5.220000e+00	1.598214e+02	2.836102e+01
5.232000e+00	1.601701e+02	2.789500e+01
5.244000e+00	1.605180e+02	2.743365e+01
5.256000e+00	1.608650e+02	2.697709e+01
5.268000e+00	1.612109e+02	2.652542e+01
5.280000e+00	1.615555e+02	2.607875e+01
5.292000e+00	1.618988e+02	2.563718e+01
5.304000e+00	1.622407e+02	2.520080e+01
5.316000e+00	1.625808e+02	2.476973e+01
5.328000e+00	1.629192e+02	2.434406e+01
5.340000e+00	1.632557e+02	2.392388e+01
5.352000e+00	1.635901e+02	2.350928e+01
5.364000e+00	1.639223e+02	2.310035e+01
5.376000e+00	1.642521e+02	2.269719e+01
5.388000e+00	1.645794e+02	2.229987e+01
5.400000e+00	1.649040e+02	2.190849e+01
5.412000e+00	1.652259e+02	2.152312e+01
5.424000e+00	1.655448e+02	2.114385e+01
5.436000e+00	1.658606e+02	2.077075e+01
5.448000e+00	1.661731e+02	2.040391e+01
5.460000e+00	1.664823e+02	2.004340e+01
5.472000e+00	1.667879e+02	1.968929e+01
5.484000e+00	1.670898e+02	1.934166e+01
5.496000e+00	1.673878e+02	1.900058e+01
5.508000e+00	1.676819e+02	1.866612e+01
5.520000e+00	1.679718e+02	1.833834e+01
5.532000e+00	1.682574e+02	1.801733e+01
5.544000e+00	1.685386e+02	1.770313e+01
5.556000e+00	1.688152e+02	1.739583e+01
5.568000e+00	1.690870e+02	1.709549e+01
5.580000e+00	1.693540e+02	1.680216e+01
5.592000e+00	1.696159e+02	1.651592e+01
5.604000e+00	1.698726e+02	1.623683e+01
5.616000e+00	1.701240e+02	1.596495e+01
5.628000e+00	1.703698e+02	1.570034e+01
5.640000e+00	1.706101e+02	1.544307e+01
5.652000e+00	1.708445e+02	1.519319e+01
5.664000e+00	1.710730e+02	1.495078e+01
5.676000e+00	1.712955e+02	1.471588e+01
5.688000e+00	1.715116e+02	1.448857e+01
5.700000e+00	1.717215e+02	1.426891e+01
5.712000e+00	1.719247e+02	1.405696e+01
5.724000e+00	1.721214e+02	1.385278e+01
5.736000e+00	1.723112e+02	1.365643e+01
5.748000e+00	1.724940e+02	1.346799e+01
5.760000e+00	1.726698e+02	1.328752e+01
5.772000e+00	1.728383e+02	1.311508e+01
5.784000e+00	1.729994e+02	1.295074e+01
5.796000e+00	1.731530e+02	1.279456e+01
5.808000e+00	1.732989e+02	1.264663e+01
5.820000e+00	1.734370e+02	1.250702e+01
5.832000e+00	1.735671e+02	1.237578e+01
5.844000e+00	1.736892e+02	1.225301e+01
5.856000e+00	1.738030e+02	1.213878e+01
5.868000e+00	1.739085e+02	1.203316e+01
5.880000e+00	1.740055e+02	1.193624e+01
5.892000e+00	1.740939e+02	1.184811e+01
5.904000e+00	1.741735e+02	1.176884e+01
5.916000e+00	1.742442e+02	1.169853e+01
5.928000e+00	1.743059e+02	1.163727e+01
5.940000e+00	1.743585e+02	1.158515e+01
5.952000e+00	1.744017e+02	1.154227e+01
5.964000e+00	1.744356e+02	1.150873e+01
5.976000e+00	1.744600e+02	1.148464e+01
5.988000e+00	1.744747e+02	1.147011e+01
6.000000e+00	1.744796e+02	1.146524e+01