"Posição 'x' e 'y' - Pata 2"

"Time      "	"X"	"Y"
0.000000e+00	3.000000e+02	1.000000e+01
1.200000e-02	3.000000e+02	1.000845e+01
2.400000e-02	3.000000e+02	1.003366e+01
3.600000e-02	3.000000e+02	1.007542e+01
4.800000e-02	3.000000e+02	1.013355e+01
6.000000e-02	2.999999e+02	1.020782e+01
7.200000e-02	2.999999e+02	1.029803e+01
8.400000e-02	2.999997e+02	1.040399e+01
9.600000e-02	2.999995e+02	1.052550e+01
1.080000e-01	2.999993e+02	1.066233e+01
1.200000e-01	2.999989e+02	1.081430e+01
1.320000e-01	2.999984e+02	1.098120e+01
1.440000e-01	2.999977e+02	1.116282e+01
1.560000e-01	2.999969e+02	1.135896e+01
1.680000e-01	2.999959e+02	1.156942e+01
1.800000e-01	2.999946e+02	1.179400e+01
1.920000e-01	2.999931e+02	1.203248e+01
2.040000e-01	2.999913e+02	1.228467e+01
2.160000e-01	2.999892e+02	1.255036e+01
2.280000e-01	2.999867e+02	1.282935e+01
2.400000e-01	2.999838e+02	1.312143e+01
2.520000e-01	2.999804e+02	1.342640e+01
2.640000e-01	2.999766e+02	1.374406e+01
2.760000e-01	2.999723e+02	1.407419e+01
2.880000e-01	2.999675e+02	1.441661e+01
3.000000e-01	2.999621e+02	1.477109e+01
3.120000e-01	2.999560e+02	1.513744e+01
3.240000e-01	2.999493e+02	1.551546e+01
3.360000e-01	2.999419e+02	1.590493e+01
3.480000e-01	2.999337e+02	1.630565e+01
3.600000e-01	2.999248e+02	1.671742e+01
3.720000e-01	2.999150e+02	1.714003e+01
3.840000e-01	2.999044e+02	1.757328e+01
3.960000e-01	2.998929e+02	1.801696e+01
4.080000e-01	2.998804e+02	1.847086e+01
4.200000e-01	2.998669e+02	1.893478e+01
4.320000e-01	2.998524e+02	1.940852e+01
4.440000e-01	2.998369e+02	1.989186e+01
4.560000e-01	2.998202e+02	2.038460e+01
4.680000e-01	2.998024e+02	2.088654e+01
4.800000e-01	2.997834e+02	2.139747e+01
4.920000e-01	2.997632e+02	2.191718e+01
5.040000e-01	2.997417e+02	2.244546e+01
5.160000e-01	2.997190e+02	2.298211e+01
5.280000e-01	2.996949e+02	2.352692e+01
5.400000e-01	2.996694e+02	2.407969e+01
5.520000e-01	2.996426e+02	2.464020e+01
5.640000e-01	2.996143e+02	2.520825e+01
5.760000e-01	2.995845e+02	2.578363e+01
5.880000e-01	2.995532e+02	2.636614e+01
6.000000e-01	2.995205e+02	2.695556e+01
6.120000e-01	2.994861e+02	2.755169e+01
6.240000e-01	2.994502e+02	2.815432e+01
6.360000e-01	2.994127e+02	2.876325e+01
6.480000e-01	2.993735e+02	2.937826e+01
6.600000e-01	2.993326e+02	2.999914e+01
6.720000e-01	2.992901e+02	3.062570e+01
6.840000e-01	2.992459e+02	3.125771e+01
6.960000e-01	2.991999e+02	3.189498e+01
7.080000e-01	2.991523e+02	3.253729e+01
7.200000e-01	2.991028e+02	3.318443e+01
7.320000e-01	2.990516e+02	3.383620e+01
7.440000e-01	2.989985e+02	3.449239e+01
7.560000e-01	2.989437e+02	3.515279e+01
7.680000e-01	2.988871e+02	3.581719e+01
7.800000e-01	2.988286e+02	3.648538e+01
7.920000e-01	2.987683e+02	3.715716e+01
8.040000e-01	2.987061e+02	3.783232e+01
8.160000e-01	2.986422e+02	3.851064e+01
8.280000e-01	2.985763e+02	3.919192e+01
8.400000e-01	2.985087e+02	3.987595e+01
8.520000e-01	2.984392e+02	4.056253e+01
8.640000e-01	2.983678e+02	4.125144e+01
8.760000e-01	2.982946e+02	4.194248e+01
8.880000e-01	2.982196e+02	4.263544e+01
9.000000e-01	2.981428e+02	4.333011e+01
9.120000e-01	2.980641e+02	4.402628e+01
9.240000e-01	2.979837e+02	4.472375e+01
9.360000e-01	2.979014e+02	4.542232e+01
9.480000e-01	2.978174e+02	4.612176e+01
9.600000e-01	2.977317e+02	4.682188e+01
9.720000e-01	2.976442e+02	4.752248e+01
9.840000e-01	2.975550e+02	4.822333e+01
9.960000e-01	2.974641e+02	4.892424e+01
1.008000e+00	2.973716e+02	4.962501e+01
1.020000e+00	2.972774e+02	5.032542e+01
1.032000e+00	2.971816e+02	5.102526e+01
1.044000e+00	2.970843e+02	5.172435e+01
1.056000e+00	2.969854e+02	5.242246e+01
1.068000e+00	2.968850e+02	5.311940e+01
1.080000e+00	2.967832e+02	5.381496e+01
1.092000e+00	2.966799e+02	5.450894e+01
1.104000e+00	2.965752e+02	5.520113e+01
1.116000e+00	2.964692e+02	5.589134e+01
1.128000e+00	2.963619e+02	5.657934e+01
1.140000e+00	2.962533e+02	5.726496e+01
1.152000e+00	2.961435e+02	5.794798e+01
1.164000e+00	2.960326e+02	5.862819e+01
1.176000e+00	2.959206e+02	5.930541e+01
1.188000e+00	2.958075e+02	5.997942e+01
1.200000e+00	2.956934e+02	6.065003e+01
1.212000e+00	2.955784e+02	6.131704e+01
1.224000e+00	2.954624e+02	6.198025e+01
1.236000e+00	2.953457e+02	6.263945e+01
1.248000e+00	2.952282e+02	6.329445e+01
1.260000e+00	2.951100e+02	6.394504e+01
1.272000e+00	2.949912e+02	6.459104e+01
1.284000e+00	2.948718e+02	6.523225e+01
1.296000e+00	2.947520e+02	6.586845e+01
1.308000e+00	2.946317e+02	6.649947e+01
1.320000e+00	2.945110e+02	6.712510e+01
1.332000e+00	2.943900e+02	6.774514e+01
1.344000e+00	2.942689e+02	6.835940e+01
1.356000e+00	2.941476e+02	6.896768e+01
1.368000e+00	2.940263e+02	6.956980e+01
1.380000e+00	2.939049e+02	7.016555e+01
1.392000e+00	2.937837e+02	7.075474e+01
1.404000e+00	2.936626e+02	7.133717e+01
1.416000e+00	2.935419e+02	7.191266e+01
1.428000e+00	2.934214e+02	7.248100e+01
1.440000e+00	2.933014e+02	7.304202e+01
1.452000e+00	2.931819e+02	7.359551e+01
1.464000e+00	2.930630e+02	7.414128e+01
1.476000e+00	2.929447e+02	7.467914e+01
1.488000e+00	2.928273e+02	7.520890e+01
1.500000e+00	2.927106e+02	7.573037e+01
1.512000e+00	2.925950e+02	7.624336e+01
1.524000e+00	2.924803e+02	7.674768e+01
1.536000e+00	2.923668e+02	7.724314e+01
1.548000e+00	2.922545e+02	7.772954e+01
1.560000e+00	2.921435e+02	7.820671e+01
1.572000e+00	2.920339e+02	7.867444e+01
1.584000e+00	2.919258e+02	7.913256e+01
1.596000e+00	2.918193e+02	7.958087e+01
1.608000e+00	2.917144e+02	8.001918e+01
1.620000e+00	2.916113e+02	8.044731e+01
1.632000e+00	2.915101e+02	8.086507e+01
1.644000e+00	2.914108e+02	8.127226e+01
1.656000e+00	2.913136e+02	8.166871e+01
1.668000e+00	2.912185e+02	8.205423e+01
1.680000e+00	2.911256e+02	8.242862e+01
1.692000e+00	2.910350e+02	8.279170e+01
1.704000e+00	2.909468e+02	8.314328e+01
1.716000e+00	2.908612e+02	8.348317e+01
1.728000e+00	2.907781e+02	8.381119e+01
1.740000e+00	2.906977e+02	8.412715e+01
1.752000e+00	2.906201e+02	8.443086e+01
1.764000e+00	2.905454e+02	8.472214e+01
1.776000e+00	2.904735e+02	8.500079e+01
1.788000e+00	2.904048e+02	8.526663e+01
1.800000e+00	2.903391e+02	8.551946e+01
1.812000e+00	2.902767e+02	8.575911e+01
1.824000e+00	2.902175e+02	8.598538e+01
1.836000e+00	2.901618e+02	8.619809e+01
1.848000e+00	2.901094e+02	8.639704e+01
1.860000e+00	2.900607e+02	8.658204e+01
1.872000e+00	2.900155e+02	8.675291e+01
1.884000e+00	2.899740e+02	8.690945e+01
1.896000e+00	2.899363e+02	8.705148e+01
1.908000e+00	2.899025e+02	8.717880e+01
1.920000e+00	2.898725e+02	8.729122e+01
1.932000e+00	2.898465e+02	8.738855e+01
1.944000e+00	2.898246e+02	8.747060e+01
1.956000e+00	2.898068e+02	8.753717e+01
1.968000e+00	2.897932e+02	8.758807e+01
1.980000e+00	2.897838e+02	8.762311e+01
1.992000e+00	2.897787e+02	8.764208e+01
2.004000e+00	2.897779e+02	8.764622e+01
2.016000e+00	2.897794e+02	8.765375e+01
2.028000e+00	2.897828e+02	8.767021e+01
2.040000e+00	2.897879e+02	8.769551e+01
2.052000e+00	2.897949e+02	8.772953e+01
2.064000e+00	2.898036e+02	8.777217e+01
2.076000e+00	2.898140e+02	8.782331e+01
2.088000e+00	2.898262e+02	8.788284e+01
2.100000e+00	2.898400e+02	8.795067e+01
2.112000e+00	2.898554e+02	8.802668e+01
2.124000e+00	2.898724e+02	8.811077e+01
2.136000e+00	2.898911e+02	8.820282e+01
2.148000e+00	2.899113e+02	8.830274e+01
2.160000e+00	2.899330e+02	8.841040e+01
2.172000e+00	2.899562e+02	8.852572e+01
2.184000e+00	2.899808e+02	8.864857e+01
2.196000e+00	2.900069e+02	8.877886e+01
2.208000e+00	2.900343e+02	8.891647e+01
2.220000e+00	2.900631e+02	8.906130e+01
2.232000e+00	2.900932e+02	8.921324e+01
2.244000e+00	2.901246e+02	8.937219e+01
2.256000e+00	2.901573e+02	8.953804e+01
2.268000e+00	2.901911e+02	8.971068e+01
2.280000e+00	2.902261e+02	8.989000e+01
2.292000e+00	2.902623e+02	9.007591e+01
2.304000e+00	2.902996e+02	9.026829e+01
2.316000e+00	2.903379e+02	9.046704e+01
2.328000e+00	2.903773e+02	9.067205e+01
2.340000e+00	2.904177e+02	9.088321e+01
2.352000e+00	2.904590e+02	9.110042e+01
2.364000e+00	2.905012e+02	9.132357e+01
2.376000e+00	2.905443e+02	9.155256e+01
2.388000e+00	2.905883e+02	9.178728e+01
2.400000e+00	2.906331e+02	9.202761e+01
2.412000e+00	2.906786e+02	9.227347e+01
2.424000e+00	2.907249e+02	9.252473e+01
2.436000e+00	2.907719e+02	9.278129e+01
2.448000e+00	2.908195e+02	9.304305e+01
2.460000e+00	2.908678e+02	9.330990e+01
2.472000e+00	2.909167e+02	9.358173e+01
2.484000e+00	2.909661e+02	9.385844e+01
2.496000e+00	2.910160e+02	9.413991e+01
2.508000e+00	2.910664e+02	9.442604e+01
2.520000e+00	2.911173e+02	9.471673e+01
2.532000e+00	2.911685e+02	9.501187e+01
2.544000e+00	2.912202e+02	9.531134e+01
2.556000e+00	2.912721e+02	9.561504e+01
2.568000e+00	2.913244e+02	9.592287e+01
2.580000e+00	2.913770e+02	9.623472e+01
2.592000e+00	2.914298e+02	9.655047e+01
2.604000e+00	2.914828e+02	9.687003e+01
2.616000e+00	2.915360e+02	9.719328e+01
2.628000e+00	2.915893e+02	9.752012e+01
2.640000e+00	2.916427e+02	9.785043e+01
2.652000e+00	2.916962e+02	9.818411e+01
2.664000e+00	2.917497e+02	9.852105e+01
2.676000e+00	2.918033e+02	9.886114e+01
2.688000e+00	2.918569e+02	9.920428e+01
2.700000e+00	2.919104e+02	9.955035e+01
2.712000e+00	2.919638e+02	9.989925e+01
2.724000e+00	2.920171e+02	1.002509e+02
2.736000e+00	2.920703e+02	1.006051e+02
2.748000e+00	2.921233e+02	1.009618e+02
2.760000e+00	2.921762e+02	1.013209e+02
2.772000e+00	2.922288e+02	1.016823e+02
2.784000e+00	2.922813e+02	1.020459e+02
2.796000e+00	2.923334e+02	1.024115e+02
2.808000e+00	2.923853e+02	1.027791e+02
2.820000e+00	2.924368e+02	1.031485e+02
2.832000e+00	2.924880e+02	1.035196e+02
2.844000e+00	2.925389e+02	1.038924e+02
2.856000e+00	2.925894e+02	1.042667e+02
2.868000e+00	2.926394e+02	1.046423e+02
2.880000e+00	2.926891e+02	1.050193e+02
2.892000e+00	2.927383e+02	1.053975e+02
2.904000e+00	2.927871e+02	1.057767e+02
2.916000e+00	2.928354e+02	1.061569e+02
2.928000e+00	2.928832e+02	1.065379e+02
2.940000e+00	2.929304e+02	1.069196e+02
2.952000e+00	2.929772e+02	1.073020e+02
2.964000e+00	2.930234e+02	1.076849e+02
2.976000e+00	2.930690e+02	1.080682e+02
2.988000e+00	2.931141e+02	1.084518e+02
3.000000e+00	2.931586e+02	1.088356e+02
3.012000e+00	2.932024e+02	1.092195e+02
3.024000e+00	2.932457e+02	1.096033e+02
3.036000e+00	2.932883e+02	1.099869e+02
3.048000e+00	2.933303e+02	1.103703e+02
3.060000e+00	2.933716e+02	1.107533e+02
3.072000e+00	2.934123e+02	1.111358e+02
3.084000e+00	2.934523e+02	1.115177e+02
3.096000e+00	2.934917e+02	1.118990e+02
3.108000e+00	2.935303e+02	1.122793e+02
3.120000e+00	2.935683e+02	1.126588e+02
3.132000e+00	2.936056e+02	1.130372e+02
3.144000e+00	2.936421e+02	1.134144e+02
3.156000e+00	2.936780e+02	1.137904e+02
3.168000e+00	2.937131e+02	1.141649e+02
3.180000e+00	2.937476e+02	1.145380e+02
3.192000e+00	2.937813e+02	1.149095e+02
3.204000e+00	2.938143e+02	1.152792e+02
3.216000e+00	2.938466e+02	1.156471e+02
3.228000e+00	2.938781e+02	1.160131e+02
3.240000e+00	2.939089e+02	1.163770e+02
3.252000e+00	2.939390e+02	1.167387e+02
3.264000e+00	2.939684e+02	1.170982e+02
3.276000e+00	2.939971e+02	1.174552e+02
3.288000e+00	2.940250e+02	1.178098e+02
3.300000e+00	2.940523e+02	1.181617e+02
3.312000e+00	2.940788e+02	1.185108e+02
3.324000e+00	2.941046e+02	1.188572e+02
3.336000e+00	2.941297e+02	1.192005e+02
3.348000e+00	2.941541e+02	1.195408e+02
3.360000e+00	2.941778e+02	1.198779e+02
3.372000e+00	2.942008e+02	1.202118e+02
3.384000e+00	2.942231e+02	1.205422e+02
3.396000e+00	2.942447e+02	1.208690e+02
3.408000e+00	2.942657e+02	1.211923e+02
3.420000e+00	2.942860e+02	1.215118e+02
3.432000e+00	2.943057e+02	1.218274e+02
3.444000e+00	2.943247e+02	1.221391e+02
3.456000e+00	2.943430e+02	1.224466e+02
3.468000e+00	2.943608e+02	1.227500e+02
3.480000e+00	2.943779e+02	1.230491e+02
3.492000e+00	2.943944e+02	1.233437e+02
3.504000e+00	2.944103e+02	1.236338e+02
3.516000e+00	2.944256e+02	1.239193e+02
3.528000e+00	2.944404e+02	1.242000e+02
3.540000e+00	2.944546e+02	1.244758e+02
3.552000e+00	2.944682e+02	1.247466e+02
3.564000e+00	2.944812e+02	1.250124e+02
3.576000e+00	2.944938e+02	1.252729e+02
3.588000e+00	2.945058e+02	1.255281e+02
3.600000e+00	2.945173e+02	1.257779e+02
3.612000e+00	2.945282e+02	1.260221e+02
3.624000e+00	2.945387e+02	1.262607e+02
3.636000e+00	2.945488e+02	1.264935e+02
3.648000e+00	2.945583e+02	1.267204e+02
3.660000e+00	2.945674e+02	1.269413e+02
3.672000e+00	2.945761e+02	1.271561e+02
3.684000e+00	2.945843e+02	1.273647e+02
3.696000e+00	2.945921e+02	1.275670e+02
3.708000e+00	2.945995e+02	1.277628e+02
3.720000e+00	2.946065e+02	1.279520e+02
3.732000e+00	2.946132e+02	1.281346e+02
3.744000e+00	2.946194e+02	1.283105e+02
3.756000e+00	2.946253e+02	1.284794e+02
3.768000e+00	2.946308e+02	1.286413e+02
3.780000e+00	2.946360e+02	1.287961e+02
3.792000e+00	2.946409e+02	1.289437e+02
3.804000e+00	2.946454e+02	1.290840e+02
3.816000e+00	2.946496e+02	1.292168e+02
3.828000e+00	2.946535e+02	1.293420e+02
3.840000e+00	2.946571e+02	1.294596e+02
3.852000e+00	2.946605e+02	1.295693e+02
3.864000e+00	2.946635e+02	1.296712e+02
3.876000e+00	2.946663e+02	1.297651e+02
3.888000e+00	2.946688e+02	1.298509e+02
3.900000e+00	2.946710e+02	1.299284e+02
3.912000e+00	2.946730e+02	1.299976e+02
3.924000e+00	2.946747e+02	1.300583e+02
3.936000e+00	2.946761e+02	1.301105e+02
3.948000e+00	2.946773e+02	1.301540e+02
3.960000e+00	2.946783e+02	1.301887e+02
3.972000e+00	2.946790e+02	1.302145e+02
3.984000e+00	2.946795e+02	1.302313e+02
3.996000e+00	2.946797e+02	1.302390e+02
4.008000e+00	2.946819e+02	1.302341e+02
4.020000e+00	2.946936e+02	1.302055e+02
4.032000e+00	2.947151e+02	1.301528e+02
4.044000e+00	2.947463e+02	1.300762e+02
4.056000e+00	2.947871e+02	1.299760e+02
4.068000e+00	2.948373e+02	1.298525e+02
4.080000e+00	2.948968e+02	1.297060e+02
4.092000e+00	2.949655e+02	1.295367e+02
4.104000e+00	2.950431e+02	1.293450e+02
4.116000e+00	2.951295e+02	1.291311e+02
4.128000e+00	2.952246e+02	1.288953e+02
4.140000e+00	2.953282e+02	1.286379e+02
4.152000e+00	2.954400e+02	1.283591e+02
4.164000e+00	2.955599e+02	1.280593e+02
4.176000e+00	2.956878e+02	1.277386e+02
4.188000e+00	2.958234e+02	1.273974e+02
4.200000e+00	2.959666e+02	1.270360e+02
4.212000e+00	2.961172e+02	1.266545e+02
4.224000e+00	2.962749e+02	1.262533e+02
4.236000e+00	2.964396e+02	1.258327e+02
4.248000e+00	2.966111e+02	1.253928e+02
4.260000e+00	2.967892e+02	1.249340e+02
4.272000e+00	2.969737e+02	1.244566e+02
4.284000e+00	2.971643e+02	1.239608e+02
4.296000e+00	2.973609e+02	1.234468e+02
4.308000e+00	2.975632e+02	1.229149e+02
4.320000e+00	2.977712e+02	1.223655e+02
4.332000e+00	2.979844e+02	1.217987e+02
4.344000e+00	2.982028e+02	1.212148e+02
4.356000e+00	2.984262e+02	1.206142e+02
4.368000e+00	2.986542e+02	1.199970e+02
4.380000e+00	2.988868e+02	1.193635e+02
4.392000e+00	2.991236e+02	1.187140e+02
4.404000e+00	2.993646e+02	1.180487e+02
4.416000e+00	2.996094e+02	1.173680e+02
4.428000e+00	2.998579e+02	1.166721e+02
4.440000e+00	3.001098e+02	1.159612e+02
4.452000e+00	3.003650e+02	1.152357e+02
4.464000e+00	3.006232e+02	1.144957e+02
4.476000e+00	3.008842e+02	1.137417e+02
4.488000e+00	3.011479e+02	1.129737e+02
4.500000e+00	3.014140e+02	1.121922e+02
4.512000e+00	3.016823e+02	1.113974e+02
4.524000e+00	3.019527e+02	1.105896e+02
4.536000e+00	3.022248e+02	1.097689e+02
4.548000e+00	3.024985e+02	1.089359e+02
4.560000e+00	3.027737e+02	1.080906e+02
4.572000e+00	3.030501e+02	1.072333e+02
4.584000e+00	3.033275e+02	1.063645e+02
4.596000e+00	3.036057e+02	1.054842e+02
4.608000e+00	3.038846e+02	1.045929e+02
4.620000e+00	3.041639e+02	1.036909e+02
4.632000e+00	3.044435e+02	1.027783e+02
4.644000e+00	3.047232e+02	1.018554e+02
4.656000e+00	3.050028e+02	1.009227e+02
4.668000e+00	3.052822e+02	9.998030e+01
4.680000e+00	3.055611e+02	9.902857e+01
4.692000e+00	3.058394e+02	9.806778e+01
4.704000e+00	3.061169e+02	9.709824e+01
4.716000e+00	3.063935e+02	9.612023e+01
4.728000e+00	3.066690e+02	9.513405e+01
4.740000e+00	3.069432e+02	9.414000e+01
4.752000e+00	3.072160e+02	9.313839e+01
4.764000e+00	3.074872e+02	9.212951e+01
4.776000e+00	3.077568e+02	9.111367e+01
4.788000e+00	3.080245e+02	9.009118e+01
4.800000e+00	3.082901e+02	8.906232e+01
4.812000e+00	3.085537e+02	8.802743e+01
4.824000e+00	3.088150e+02	8.698679e+01
4.836000e+00	3.090739e+02	8.594073e+01
4.848000e+00	3.093303e+02	8.488956e+01
4.860000e+00	3.095840e+02	8.383358e+01
4.872000e+00	3.098350e+02	8.277311e+01
4.884000e+00	3.100832e+02	8.170847e+01
4.896000e+00	3.103283e+02	8.063996e+01
4.908000e+00	3.105704e+02	7.956792e+01
4.920000e+00	3.108093e+02	7.849266e+01
4.932000e+00	3.110449e+02	7.741449e+01
4.944000e+00	3.112772e+02	7.633374e+01
4.956000e+00	3.115060e+02	7.525073e+01
4.968000e+00	3.117313e+02	7.416578e+01
4.980000e+00	3.119530e+02	7.307922e+01
4.992000e+00	3.121710e+02	7.199137e+01
5.004000e+00	3.123852e+02	7.090256e+01
5.016000e+00	3.125957e+02	6.981312e+01
5.028000e+00	3.128022e+02	6.872336e+01
5.040000e+00	3.130048e+02	6.763363e+01
5.052000e+00	3.132035e+02	6.654424e+01
5.064000e+00	3.133981e+02	6.545554e+01
5.076000e+00	3.135886e+02	6.436784e+01
5.088000e+00	3.137750e+02	6.328149e+01
5.100000e+00	3.139573e+02	6.219680e+01
5.112000e+00	3.141353e+02	6.111413e+01
5.124000e+00	3.143092e+02	6.003379e+01
5.136000e+00	3.144789e+02	5.895612e+01
5.148000e+00	3.146443e+02	5.788146e+01
5.160000e+00	3.148055e+02	5.681014e+01
5.172000e+00	3.149624e+02	5.574249e+01
5.184000e+00	3.151150e+02	5.467886e+01
5.196000e+00	3.152634e+02	5.361957e+01
5.208000e+00	3.154075e+02	5.256495e+01
5.220000e+00	3.155474e+02	5.151536e+01
5.232000e+00	3.156830e+02	5.047112e+01
5.244000e+00	3.158144e+02	4.943256e+01
5.256000e+00	3.159416e+02	4.840003e+01
5.268000e+00	3.160646e+02	4.737386e+01
5.280000e+00	3.161835e+02	4.635439e+01
5.292000e+00	3.162983e+02	4.534195e+01
5.304000e+00	3.164090e+02	4.433688e+01
5.316000e+00	3.165156e+02	4.333951e+01
5.328000e+00	3.166183e+02	4.235019e+01
5.340000e+00	3.167170e+02	4.136924e+01
5.352000e+00	3.168118e+02	4.039701e+01
5.364000e+00	3.169027e+02	3.943382e+01
5.376000e+00	3.169898e+02	3.848002e+01
5.388000e+00	3.170732e+02	3.753594e+01
5.400000e+00	3.171530e+02	3.660191e+01
5.412000e+00	3.172291e+02	3.567826e+01
5.424000e+00	3.173017e+02	3.476534e+01
5.436000e+00	3.173708e+02	3.386348e+01
5.448000e+00	3.174365e+02	3.297300e+01
5.460000e+00	3.174988e+02	3.209425e+01
5.472000e+00	3.175580e+02	3.122755e+01
5.484000e+00	3.176139e+02	3.037323e+01
5.496000e+00	3.176668e+02	2.953164e+01
5.508000e+00	3.177166e+02	2.870309e+01
5.520000e+00	3.177636e+02	2.788793e+01
5.532000e+00	3.178077e+02	2.708648e+01
5.544000e+00	3.178490e+02	2.629907e+01
5.556000e+00	3.178877e+02	2.552603e+01
5.568000e+00	3.179239e+02	2.476769e+01
5.580000e+00	3.179575e+02	2.402438e+01
5.592000e+00	3.179888e+02	2.329643e+01
5.604000e+00	3.180178e+02	2.258416e+01
5.616000e+00	3.180446e+02	2.188790e+01
5.628000e+00	3.180692e+02	2.120798e+01
5.640000e+00	3.180919e+02	2.054473e+01
5.652000e+00	3.181127e+02	1.989847e+01
5.664000e+00	3.181316e+02	1.926952e+01
5.676000e+00	3.181489e+02	1.865822e+01
5.688000e+00	3.181645e+02	1.806488e+01
5.700000e+00	3.181785e+02	1.748984e+01
5.712000e+00	3.181911e+02	1.693340e+01
5.724000e+00	3.182024e+02	1.639591e+01
5.736000e+00	3.182124e+02	1.587767e+01
5.748000e+00	3.182212e+02	1.537902e+01
5.760000e+00	3.182289e+02	1.490028e+01
5.772000e+00	3.182357e+02	1.444176e+01
5.784000e+00	3.182415e+02	1.400379e+01
5.796000e+00	3.182464e+02	1.358670e+01
5.808000e+00	3.182507e+02	1.319079e+01
5.820000e+00	3.182542e+02	1.281640e+01
5.832000e+00	3.182571e+02	1.246385e+01
5.844000e+00	3.182595e+02	1.213345e+01
5.856000e+00	3.182614e+02	1.182552e+01
5.868000e+00	3.182629e+02	1.154039e+01
5.880000e+00	3.182641e+02	1.127838e+01
5.892000e+00	3.182650e+02	1.103981e+01
5.904000e+00	3.182656e+02	1.082498e+01
5.916000e+00	3.182660e+02	1.063424e+01
5.928000e+00	3.182663e+02	1.046789e+01
5.940000e+00	3.182665e+02	1.032626e+01
5.952000e+00	3.182666e+02	1.020966e+01
5.964000e+00	3.182666e+02	1.011841e+01
5.976000e+00	3.182667e+02	1.005284e+01
5.988000e+00	3.182667e+02	1.001327e+01
6.000000e+00	3.182667e+02	1.000000e+01
0.000000e+00	3.182667e+02	1.000000e+01
1.200000e-02	3.182667e+02	1.000000e+01
2.400000e-02	3.182667e+02	1.000000e+01
3.600000e-02	3.182667e+02	1.000000e+01
4.800000e-02	3.182667e+02	1.000000e+01
6.000000e-02	3.182667e+02	1.000000e+01
7.200000e-02	3.182667e+02	1.000000e+01
8.400000e-02	3.182667e+02	1.000000e+01
9.600000e-02	3.182667e+02	1.000000e+01
1.080000e-01	3.182667e+02	1.000000e+01
1.200000e-01	3.182667e+02	1.000000e+01
1.320000e-01	3.182667e+02	1.000000e+01
1.440000e-01	3.182667e+02	1.000000e+01
1.560000e-01	3.182667e+02	1.000000e+01
1.680000e-01	3.182667e+02	1.000000e+01
1.800000e-01	3.182667e+02	1.000000e+01
1.920000e-01	3.182667e+02	1.000000e+01
2.040000e-01	3.182667e+02	1.000000e+01
2.160000e-01	3.182667e+02	1.000000e+01
2.280000e-01	3.182667e+02	1.000000e+01
2.400000e-01	3.182667e+02	1.000000e+01
2.520000e-01	3.182667e+02	1.000000e+01
2.640000e-01	3.182667e+02	1.000000e+01
2.760000e-01	3.182667e+02	1.000000e+01
2.880000e-01	3.182667e+02	1.000000e+01
3.000000e-01	3.182667e+02	1.000000e+01
3.120000e-01	3.182667e+02	1.000000e+01
3.240000e-01	3.182667e+02	1.000000e+01
3.360000e-01	3.182667e+02	1.000000e+01
3.480000e-01	3.182667e+02	1.000000e+01
3.600000e-01	3.182667e+02	1.000000e+01
3.720000e-01	3.182667e+02	1.000000e+01
3.840000e-01	3.182667e+02	1.000000e+01
3.960000e-01	3.182667e+02	1.000000e+01
4.080000e-01	3.182667e+02	1.000000e+01
4.200000e-01	3.182667e+02	1.000000e+01
4.320000e-01	3.182667e+02	1.000000e+01
4.440000e-01	3.182667e+02	1.000000e+01
4.560000e-01	3.182667e+02	1.000000e+01
4.680000e-01	3.182667e+02	1.000000e+01
4.800000e-01	3.182667e+02	1.000000e+01
4.920000e-01	3.182667e+02	1.000000e+01
5.040000e-01	3.182667e+02	1.000000e+01
5.160000e-01	3.182667e+02	1.000000e+01
5.280000e-01	3.182667e+02	1.000000e+01
5.400000e-01	3.182667e+02	1.000000e+01
5.520000e-01	3.182667e+02	1.000000e+01
5.640000e-01	3.182667e+02	1.000000e+01
5.760000e-01	3.182667e+02	1.000000e+01
5.880000e-01	3.182667e+02	1.000000e+01
6.000000e-01	3.182667e+02	1.000000e+01
6.120000e-01	3.182667e+02	1.000000e+01
6.240000e-01	3.182667e+02	1.000000e+01
6.360000e-01	3.182667e+02	1.000000e+01
6.480000e-01	3.182667e+02	1.000000e+01
6.600000e-01	3.182667e+02	1.000000e+01
6.720000e-01	3.182667e+02	1.000000e+01
6.840000e-01	3.182667e+02	1.000000e+01
6.960000e-01	3.182667e+02	1.000000e+01
7.080000e-01	3.182667e+02	1.000000e+01
7.200000e-01	3.182667e+02	1.000000e+01
7.320000e-01	3.182667e+02	1.000000e+01
7.440000e-01	3.182667e+02	1.000000e+01
7.560000e-01	3.182667e+02	1.000000e+01
7.680000e-01	3.182667e+02	1.000000e+01
7.800000e-01	3.182667e+02	1.000000e+01
7.920000e-01	3.182667e+02	1.000000e+01
8.040000e-01	3.182667e+02	1.000000e+01
8.160000e-01	3.182667e+02	1.000000e+01
8.280000e-01	3.182667e+02	1.000000e+01
8.400000e-01	3.182667e+02	1.000000e+01
8.520000e-01	3.182667e+02	1.000000e+01
8.640000e-01	3.182667e+02	1.000000e+01
8.760000e-01	3.182667e+02	1.000000e+01
8.880000e-01	3.182667e+02	1.000000e+01
9.000000e-01	3.182667e+02	1.000000e+01
9.120000e-01	3.182667e+02	1.000000e+01
9.240000e-01	3.182667e+02	1.000000e+01
9.360000e-01	3.182667e+02	1.000000e+01
9.480000e-01	3.182667e+02	1.000000e+01
9.600000e-01	3.182667e+02	1.000000e+01
9.720000e-01	3.182667e+02	1.000000e+01
9.840000e-01	3.182667e+02	1.000000e+01
9.960000e-01	3.182667e+02	1.000000e+01
1.008000e+00	3.182667e+02	1.000000e+01
1.020000e+00	3.182667e+02	1.000000e+01
1.032000e+00	3.182667e+02	1.000000e+01
1.044000e+00	3.182667e+02	1.000000e+01
1.056000e+00	3.182667e+02	1.000000e+01
1.068000e+00	3.182667e+02	1.000000e+01
1.080000e+00	3.182667e+02	1.000000e+01
1.092000e+00	3.182667e+02	1.000000e+01
1.104000e+00	3.182667e+02	1.000000e+01
1.116000e+00	3.182667e+02	1.000000e+01
1.128000e+00	3.182667e+02	1.000000e+01
1.140000e+00	3.182667e+02	1.000000e+01
1.152000e+00	3.182667e+02	1.000000e+01
1.164000e+00	3.182667e+02	1.000000e+01
1.176000e+00	3.182667e+02	1.000000e+01
1.188000e+00	3.182667e+02	1.000000e+01
1.200000e+00	3.182667e+02	1.000000e+01
1.212000e+00	3.182667e+02	1.000000e+01
1.224000e+00	3.182667e+02	1.000000e+01
1.236000e+00	3.182667e+02	1.000000e+01
1.248000e+00	3.182667e+02	1.000000e+01
1.260000e+00	3.182667e+02	1.000000e+01
1.272000e+00	3.182667e+02	1.000000e+01
1.284000e+00	3.182667e+02	1.000000e+01
1.296000e+00	3.182667e+02	1.000000e+01
1.308000e+00	3.182667e+02	1.000000e+01
1.320000e+00	3.182667e+02	1.000000e+01
1.332000e+00	3.182667e+02	1.000000e+01
1.344000e+00	3.182667e+02	1.000000e+01
1.356000e+00	3.182667e+02	1.000000e+01
1.368000e+00	3.182667e+02	1.000000e+01
1.380000e+00	3.182667e+02	1.000000e+01
1.392000e+00	3.182667e+02	1.000000e+01
1.404000e+00	3.182667e+02	1.000000e+01
1.416000e+00	3.182667e+02	1.000000e+01
1.428000e+00	3.182667e+02	1.000000e+01
1.440000e+00	3.182667e+02	1.000000e+01
1.452000e+00	3.182667e+02	1.000000e+01
1.464000e+00	3.182667e+02	1.000000e+01
1.476000e+00	3.182667e+02	1.000000e+01
1.488000e+00	3.182667e+02	1.000000e+01
1.500000e+00	3.182667e+02	1.000000e+01
1.512000e+00	3.182667e+02	1.000000e+01
1.524000e+00	3.182667e+02	1.000000e+01
1.536000e+00	3.182667e+02	1.000000e+01
1.548000e+00	3.182667e+02	1.000000e+01
1.560000e+00	3.182667e+02	1.000000e+01
1.572000e+00	3.182667e+02	1.000000e+01
1.584000e+00	3.182667e+02	1.000000e+01
1.596000e+00	3.182667e+02	1.000000e+01
1.608000e+00	3.182667e+02	1.000000e+01
1.620000e+00	3.182667e+02	1.000000e+01
1.632000e+00	3.182667e+02	1.000000e+01
1.644000e+00	3.182667e+02	1.000000e+01
1.656000e+00	3.182667e+02	1.000000e+01
1.668000e+00	3.182667e+02	1.000000e+01
1.680000e+00	3.182667e+02	1.000000e+01
1.692000e+00	3.182667e+02	1.000000e+01
1.704000e+00	3.182667e+02	1.000000e+01
1.716000e+00	3.182667e+02	1.000000e+01
1.728000e+00	3.182667e+02	1.000000e+01
1.740000e+00	3.182667e+02	1.000000e+01
1.752000e+00	3.182667e+02	1.000000e+01
1.764000e+00	3.182667e+02	1.000000e+01
1.776000e+00	3.182667e+02	1.000000e+01
1.788000e+00	3.182667e+02	1.000000e+01
1.800000e+00	3.182667e+02	1.000000e+01
1.812000e+00	3.182667e+02	1.000000e+01
1.824000e+00	3.182667e+02	1.000000e+01
1.836000e+00	3.182667e+02	1.000000e+01
1.848000e+00	3.182667e+02	1.000000e+01
1.860000e+00	3.182667e+02	1.000000e+01
1.872000e+00	3.182667e+02	1.000000e+01
1.884000e+00	3.182667e+02	1.000000e+01
1.896000e+00	3.182667e+02	1.000000e+01
1.908000e+00	3.182667e+02	1.000000e+01
1.920000e+00	3.182667e+02	1.000000e+01
1.932000e+00	3.182667e+02	1.000000e+01
1.944000e+00	3.182667e+02	1.000000e+01
1.956000e+00	3.182667e+02	1.000000e+01
1.968000e+00	3.182667e+02	1.000000e+01
1.980000e+00	3.182667e+02	1.000000e+01
1.992000e+00	3.182667e+02	1.000000e+01
2.004000e+00	3.182667e+02	1.000000e+01
2.016000e+00	3.182667e+02	1.000000e+01
2.028000e+00	3.182667e+02	1.000000e+01
2.040000e+00	3.182667e+02	1.000000e+01
2.052000e+00	3.182667e+02	1.000000e+01
2.064000e+00	3.182667e+02	1.000000e+01
2.076000e+00	3.182667e+02	1.000000e+01
2.088000e+00	3.182667e+02	1.000000e+01
2.100000e+00	3.182667e+02	1.000000e+01
2.112000e+00	3.182667e+02	1.000000e+01
2.124000e+00	3.182667e+02	1.000000e+01
2.136000e+00	3.182667e+02	1.000000e+01
2.148000e+00	3.182667e+02	1.000000e+01
2.160000e+00	3.182667e+02	1.000000e+01
2.172000e+00	3.182667e+02	1.000000e+01
2.184000e+00	3.182667e+02	1.000000e+01
2.196000e+00	3.182667e+02	1.000000e+01
2.208000e+00	3.182667e+02	1.000000e+01
2.220000e+00	3.182667e+02	1.000000e+01
2.232000e+00	3.182667e+02	1.000000e+01
2.244000e+00	3.182667e+02	1.000000e+01
2.256000e+00	3.182667e+02	1.000000e+01
2.268000e+00	3.182667e+02	1.000000e+01
2.280000e+00	3.182667e+02	1.000000e+01
2.292000e+00	3.182667e+02	1.000000e+01
2.304000e+00	3.182667e+02	1.000000e+01
2.316000e+00	3.182667e+02	1.000000e+01
2.328000e+00	3.182667e+02	1.000000e+01
2.340000e+00	3.182667e+02	1.000000e+01
2.352000e+00	3.182667e+02	1.000000e+01
2.364000e+00	3.182667e+02	1.000000e+01
2.376000e+00	3.182667e+02	1.000000e+01
2.388000e+00	3.182667e+02	1.000000e+01
2.400000e+00	3.182667e+02	1.000000e+01
2.412000e+00	3.182667e+02	1.000000e+01
2.424000e+00	3.182667e+02	1.000000e+01
2.436000e+00	3.182667e+02	1.000000e+01
2.448000e+00	3.182667e+02	1.000000e+01
2.460000e+00	3.182667e+02	1.000000e+01
2.472000e+00	3.182667e+02	1.000000e+01
2.484000e+00	3.182667e+02	1.000000e+01
2.496000e+00	3.182667e+02	1.000000e+01
2.508000e+00	3.182667e+02	1.000000e+01
2.520000e+00	3.182667e+02	1.000000e+01
2.532000e+00	3.182667e+02	1.000000e+01
2.544000e+00	3.182667e+02	1.000000e+01
2.556000e+00	3.182667e+02	1.000000e+01
2.568000e+00	3.182667e+02	1.000000e+01
2.580000e+00	3.182667e+02	1.000000e+01
2.592000e+00	3.182667e+02	1.000000e+01
2.604000e+00	3.182667e+02	1.000000e+01
2.616000e+00	3.182667e+02	1.000000e+01
2.628000e+00	3.182667e+02	1.000000e+01
2.640000e+00	3.182667e+02	1.000000e+01
2.652000e+00	3.182667e+02	1.000000e+01
2.664000e+00	3.182667e+02	1.000000e+01
2.676000e+00	3.182667e+02	1.000000e+01
2.688000e+00	3.182667e+02	1.000000e+01
2.700000e+00	3.182667e+02	1.000000e+01
2.712000e+00	3.182667e+02	1.000000e+01
2.724000e+00	3.182667e+02	1.000000e+01
2.736000e+00	3.182667e+02	1.000000e+01
2.748000e+00	3.182667e+02	1.000000e+01
2.760000e+00	3.182667e+02	1.000000e+01
2.772000e+00	3.182667e+02	1.000000e+01
2.784000e+00	3.182667e+02	1.000000e+01
2.796000e+00	3.182667e+02	1.000000e+01
2.808000e+00	3.182667e+02	1.000000e+01
2.820000e+00	3.182667e+02	1.000000e+01
2.832000e+00	3.182667e+02	1.000000e+01
2.844000e+00	3.182667e+02	1.000000e+01
2.856000e+00	3.182667e+02	1.000000e+01
2.868000e+00	3.182667e+02	1.000000e+01
2.880000e+00	3.182667e+02	1.000000e+01
2.892000e+00	3.182667e+02	1.000000e+01
2.904000e+00	3.182667e+02	1.000000e+01
2.916000e+00	3.182667e+02	1.000000e+01
2.928000e+00	3.182667e+02	1.000000e+01
2.940000e+00	3.182667e+02	1.000000e+01
2.952000e+00	3.182667e+02	1.000000e+01
2.964000e+00	3.182667e+02	1.000000e+01
2.976000e+00	3.182667e+02	1.000000e+01
2.988000e+00	3.182667e+02	1.000000e+01
3.000000e+00	3.182667e+02	1.000000e+01
3.012000e+00	3.182667e+02	1.000000e+01
3.024000e+00	3.182667e+02	1.000000e+01
3.036000e+00	3.182667e+02	1.000000e+01
3.048000e+00	3.182667e+02	1.000000e+01
3.060000e+00	3.182667e+02	1.000000e+01
3.072000e+00	3.182667e+02	1.000000e+01
3.084000e+00	3.182667e+02	1.000000e+01
3.096000e+00	3.182667e+02	1.000000e+01
3.108000e+00	3.182667e+02	1.000000e+01
3.120000e+00	3.182667e+02	1.000000e+01
3.132000e+00	3.182667e+02	1.000000e+01
3.144000e+00	3.182667e+02	1.000000e+01
3.156000e+00	3.182667e+02	1.000000e+01
3.168000e+00	3.182667e+02	1.000000e+01
3.180000e+00	3.182667e+02	1.000000e+01
3.192000e+00	3.182667e+02	1.000000e+01
3.204000e+00	3.182667e+02	1.000000e+01
3.216000e+00	3.182667e+02	1.000000e+01
3.228000e+00	3.182667e+02	1.000000e+01
3.240000e+00	3.182667e+02	1.000000e+01
3.252000e+00	3.182667e+02	1.000000e+01
3.264000e+00	3.182667e+02	1.000000e+01
3.276000e+00	3.182667e+02	1.000000e+01
3.288000e+00	3.182667e+02	1.000000e+01
3.300000e+00	3.182667e+02	1.000000e+01
3.312000e+00	3.182667e+02	1.000000e+01
3.324000e+00	3.182667e+02	1.000000e+01
3.336000e+00	3.182667e+02	1.000000e+01
3.348000e+00	3.182667e+02	1.000000e+01
3.360000e+00	3.182667e+02	1.000000e+01
3.372000e+00	3.182667e+02	1.000000e+01
3.384000e+00	3.182667e+02	1.000000e+01
3.396000e+00	3.182667e+02	1.000000e+01
3.408000e+00	3.182667e+02	1.000000e+01
3.420000e+00	3.182667e+02	1.000000e+01
3.432000e+00	3.182667e+02	1.000000e+01
3.444000e+00	3.182667e+02	1.000000e+01
3.456000e+00	3.182667e+02	1.000000e+01
3.468000e+00	3.182667e+02	1.000000e+01
3.480000e+00	3.182667e+02	1.000000e+01
3.492000e+00	3.182667e+02	1.000000e+01
3.504000e+00	3.182667e+02	1.000000e+01
3.516000e+00	3.182667e+02	1.000000e+01
3.528000e+00	3.182667e+02	1.000000e+01
3.540000e+00	3.182667e+02	1.000000e+01
3.552000e+00	3.182667e+02	1.000000e+01
3.564000e+00	3.182667e+02	1.000000e+01
3.576000e+00	3.182667e+02	1.000000e+01
3.588000e+00	3.182667e+02	1.000000e+01
3.600000e+00	3.182667e+02	1.000000e+01
3.612000e+00	3.182667e+02	1.000000e+01
3.624000e+00	3.182667e+02	1.000000e+01
3.636000e+00	3.182667e+02	1.000000e+01
3.648000e+00	3.182667e+02	1.000000e+01
3.660000e+00	3.182667e+02	1.000000e+01
3.672000e+00	3.182667e+02	1.000000e+01
3.684000e+00	3.182667e+02	1.000000e+01
3.696000e+00	3.182667e+02	1.000000e+01
3.708000e+00	3.182667e+02	1.000000e+01
3.720000e+00	3.182667e+02	1.000000e+01
3.732000e+00	3.182667e+02	1.000000e+01
3.744000e+00	3.182667e+02	1.000000e+01
3.756000e+00	3.182667e+02	1.000000e+01
3.768000e+00	3.182667e+02	1.000000e+01
3.780000e+00	3.182667e+02	1.000000e+01
3.792000e+00	3.182667e+02	1.000000e+01
3.804000e+00	3.182667e+02	1.000000e+01
3.816000e+00	3.182667e+02	1.000000e+01
3.828000e+00	3.182667e+02	1.000000e+01
3.840000e+00	3.182667e+02	1.000000e+01
3.852000e+00	3.182667e+02	1.000000e+01
3.864000e+00	3.182667e+02	1.000000e+01
3.876000e+00	3.182667e+02	1.000000e+01
3.888000e+00	3.182667e+02	1.000000e+01
3.900000e+00	3.182667e+02	1.000000e+01
3.912000e+00	3.182667e+02	1.000000e+01
3.924000e+00	3.182667e+02	1.000000e+01
3.936000e+00	3.182667e+02	1.000000e+01
3.948000e+00	3.182667e+02	1.000000e+01
3.960000e+00	3.182667e+02	1.000000e+01
3.972000e+00	3.182667e+02	1.000000e+01
3.984000e+00	3.182667e+02	1.000000e+01
3.996000e+00	3.182667e+02	1.000000e+01
4.008000e+00	3.182667e+02	1.000000e+01
4.020000e+00	3.182667e+02	1.000000e+01
4.032000e+00	3.182667e+02	1.000000e+01
4.044000e+00	3.182667e+02	1.000000e+01
4.056000e+00	3.182667e+02	1.000000e+01
4.068000e+00	3.182667e+02	1.000000e+01
4.080000e+00	3.182667e+02	1.000000e+01
4.092000e+00	3.182667e+02	1.000000e+01
4.104000e+00	3.182667e+02	1.000000e+01
4.116000e+00	3.182667e+02	1.000000e+01
4.128000e+00	3.182667e+02	1.000000e+01
4.140000e+00	3.182667e+02	1.000000e+01
4.152000e+00	3.182667e+02	1.000000e+01
4.164000e+00	3.182667e+02	1.000000e+01
4.176000e+00	3.182667e+02	1.000000e+01
4.188000e+00	3.182667e+02	1.000000e+01
4.200000e+00	3.182667e+02	1.000000e+01
4.212000e+00	3.182667e+02	1.000000e+01
4.224000e+00	3.182667e+02	1.000000e+01
4.236000e+00	3.182667e+02	1.000000e+01
4.248000e+00	3.182667e+02	1.000000e+01
4.260000e+00	3.182667e+02	1.000000e+01
4.272000e+00	3.182667e+02	1.000000e+01
4.284000e+00	3.182667e+02	1.000000e+01
4.296000e+00	3.182667e+02	1.000000e+01
4.308000e+00	3.182667e+02	1.000000e+01
4.320000e+00	3.182667e+02	1.000000e+01
4.332000e+00	3.182667e+02	1.000000e+01
4.344000e+00	3.182667e+02	1.000000e+01
4.356000e+00	3.182667e+02	1.000000e+01
4.368000e+00	3.182667e+02	1.000000e+01
4.380000e+00	3.182667e+02	1.000000e+01
4.392000e+00	3.182667e+02	1.000000e+01
4.404000e+00	3.182667e+02	1.000000e+01
4.416000e+00	3.182667e+02	1.000000e+01
4.428000e+00	3.182667e+02	1.000000e+01
4.440000e+00	3.182667e+02	1.000000e+01
4.452000e+00	3.182667e+02	1.000000e+01
4.464000e+00	3.182667e+02	1.000000e+01
4.476000e+00	3.182667e+02	1.000000e+01
4.488000e+00	3.182667e+02	1.000000e+01
4.500000e+00	3.182667e+02	1.000000e+01
4.512000e+00	3.182667e+02	1.000000e+01
4.524000e+00	3.182667e+02	1.000000e+01
4.536000e+00	3.182667e+02	1.000000e+01
4.548000e+00	3.182667e+02	1.000000e+01
4.560000e+00	3.182667e+02	1.000000e+01
4.572000e+00	3.182667e+02	1.000000e+01
4.584000e+00	3.182667e+02	1.000000e+01
4.596000e+00	3.182667e+02	1.000000e+01
4.608000e+00	3.182667e+02	1.000000e+01
4.620000e+00	3.182667e+02	1.000000e+01
4.632000e+00	3.182667e+02	1.000000e+01
4.644000e+00	3.182667e+02	1.000000e+01
4.656000e+00	3.182667e+02	1.000000e+01
4.668000e+00	3.182667e+02	1.000000e+01
4.680000e+00	3.182667e+02	1.000000e+01
4.692000e+00	3.182667e+02	1.000000e+01
4.704000e+00	3.182667e+02	1.000000e+01
4.716000e+00	3.182667e+02	1.000000e+01
4.728000e+00	3.182667e+02	1.000000e+01
4.740000e+00	3.182667e+02	1.000000e+01
4.752000e+00	3.182667e+02	1.000000e+01
4.764000e+00	3.182667e+02	1.000000e+01
4.776000e+00	3.182667e+02	1.000000e+01
4.788000e+00	3.182667e+02	1.000000e+01
4.800000e+00	3.182667e+02	1.000000e+01
4.812000e+00	3.182667e+02	1.000000e+01
4.824000e+00	3.182667e+02	1.000000e+01
4.836000e+00	3.182667e+02	1.000000e+01
4.848000e+00	3.182667e+02	1.000000e+01
4.860000e+00	3.182667e+02	1.000000e+01
4.872000e+00	3.182667e+02	1.000000e+01
4.884000e+00	3.182667e+02	1.000000e+01
4.896000e+00	3.182667e+02	1.000000e+01
4.908000e+00	3.182667e+02	1.000000e+01
4.920000e+00	3.182667e+02	1.000000e+01
4.932000e+00	3.182667e+02	1.000000e+01
4.944000e+00	3.182667e+02	1.000000e+01
4.956000e+00	3.182667e+02	1.000000e+01
4.968000e+00	3.182667e+02	1.000000e+01
4.980000e+00	3.182667e+02	1.000000e+01
4.992000e+00	3.182667e+02	1.000000e+01
5.004000e+00	3.182667e+02	1.000000e+01
5.016000e+00	3.182667e+02	1.000000e+01
5.028000e+00	3.182667e+02	1.000000e+01
5.040000e+00	3.182667e+02	1.000000e+01
5.052000e+00	3.182667e+02	1.000000e+01
5.064000e+00	3.182667e+02	1.000000e+01
5.076000e+00	3.182667e+02	1.000000e+01
5.088000e+00	3.182667e+02	1.000000e+01
5.100000e+00	3.182667e+02	1.000000e+01
5.112000e+00	3.182667e+02	1.000000e+01
5.124000e+00	3.182667e+02	1.000000e+01
5.136000e+00	3.182667e+02	1.000000e+01
5.148000e+00	3.182667e+02	1.000000e+01
5.160000e+00	3.182667e+02	1.000000e+01
5.172000e+00	3.182667e+02	1.000000e+01
5.184000e+00	3.182667e+02	1.000000e+01
5.196000e+00	3.182667e+02	1.000000e+01
5.208000e+00	3.182667e+02	1.000000e+01
5.220000e+00	3.182667e+02	1.000000e+01
5.232000e+00	3.182667e+02	1.000000e+01
5.244000e+00	3.182667e+02	1.000000e+01
5.256000e+00	3.182667e+02	1.000000e+01
5.268000e+00	3.182667e+02	1.000000e+01
5.280000e+00	3.182667e+02	1.000000e+01
5.292000e+00	3.182667e+02	1.000000e+01
5.304000e+00	3.182667e+02	1.000000e+01
5.316000e+00	3.182667e+02	1.000000e+01
5.328000e+00	3.182667e+02	1.000000e+01
5.340000e+00	3.182667e+02	1.000000e+01
5.352000e+00	3.182667e+02	1.000000e+01
5.364000e+00	3.182667e+02	1.000000e+01
5.376000e+00	3.182667e+02	1.000000e+01
5.388000e+00	3.182667e+02	1.000000e+01
5.400000e+00	3.182667e+02	1.000000e+01
5.412000e+00	3.182667e+02	1.000000e+01
5.424000e+00	3.182667e+02	1.000000e+01
5.436000e+00	3.182667e+02	1.000000e+01
5.448000e+00	3.182667e+02	1.000000e+01
5.460000e+00	3.182667e+02	1.000000e+01
5.472000e+00	3.182667e+02	1.000000e+01
5.484000e+00	3.182667e+02	1.000000e+01
5.496000e+00	3.182667e+02	1.000000e+01
5.508000e+00	3.182667e+02	1.000000e+01
5.520000e+00	3.182667e+02	1.000000e+01
5.532000e+00	3.182667e+02	1.000000e+01
5.544000e+00	3.182667e+02	1.000000e+01
5.556000e+00	3.182667e+02	1.000000e+01
5.568000e+00	3.182667e+02	1.000000e+01
5.580000e+00	3.182667e+02	1.000000e+01
5.592000e+00	3.182667e+02	1.000000e+01
5.604000e+00	3.182667e+02	1.000000e+01
5.616000e+00	3.182667e+02	1.000000e+01
5.628000e+00	3.182667e+02	1.000000e+01
5.640000e+00	3.182667e+02	1.000000e+01
5.652000e+00	3.182667e+02	1.000000e+01
5.664000e+00	3.182667e+02	1.000000e+01
5.676000e+00	3.182667e+02	1.000000e+01
5.688000e+00	3.182667e+02	1.000000e+01
5.700000e+00	3.182667e+02	1.000000e+01
5.712000e+00	3.182667e+02	1.000000e+01
5.724000e+00	3.182667e+02	1.000000e+01
5.736000e+00	3.182667e+02	1.000000e+01
5.748000e+00	3.182667e+02	1.000000e+01
5.760000e+00	3.182667e+02	1.000000e+01
5.772000e+00	3.182667e+02	1.000000e+01
5.784000e+00	3.182667e+02	1.000000e+01
5.796000e+00	3.182667e+02	1.000000e+01
5.808000e+00	3.182667e+02	1.000000e+01
5.820000e+00	3.182667e+02	1.000000e+01
5.832000e+00	3.182667e+02	1.000000e+01
5.844000e+00	3.182667e+02	1.000000e+01
5.856000e+00	3.182667e+02	1.000000e+01
5.868000e+00	3.182667e+02	1.000000e+01
5.880000e+00	3.182667e+02	1.000000e+01
5.892000e+00	3.182667e+02	1.000000e+01
5.904000e+00	3.182667e+02	1.000000e+01
5.916000e+00	3.182667e+02	1.000000e+01
5.928000e+00	3.182667e+02	1.000000e+01
5.940000e+00	3.182667e+02	1.000000e+01
5.952000e+00	3.182667e+02	1.000000e+01
5.964000e+00	3.182667e+02	1.000000e+01
5.976000e+00	3.182667e+02	1.000000e+01
5.988000e+00	3.182667e+02	1.000000e+01
6.000000e+00	3.182667e+02	1.000000e+01
0.000000e+00	3.182667e+02	1.000000e+01
1.200000e-02	3.182667e+02	1.000906e+01
2.400000e-02	3.182669e+02	1.003608e+01
3.600000e-02	3.182671e+02	1.008084e+01
4.800000e-02	3.182674e+02	1.014314e+01
6.000000e-02	3.182677e+02	1.022275e+01
7.200000e-02	3.182680e+02	1.031945e+01
8.400000e-02	3.182684e+02	1.043303e+01
9.600000e-02	3.182688e+02	1.056326e+01
1.080000e-01	3.182691e+02	1.070993e+01
1.200000e-01	3.182694e+02	1.087282e+01
1.320000e-01	3.182695e+02	1.105171e+01
1.440000e-01	3.182696e+02	1.124639e+01
1.560000e-01	3.182694e+02	1.145663e+01
1.680000e-01	3.182690e+02	1.168221e+01
1.800000e-01	3.182684e+02	1.192293e+01
1.920000e-01	3.182675e+02	1.217856e+01
2.040000e-01	3.182662e+02	1.244887e+01
2.160000e-01	3.182645e+02	1.273366e+01
2.280000e-01	3.182624e+02	1.303271e+01
2.400000e-01	3.182598e+02	1.334579e+01
2.520000e-01	3.182566e+02	1.367268e+01
2.640000e-01	3.182529e+02	1.401317e+01
2.760000e-01	3.182485e+02	1.436703e+01
2.880000e-01	3.182433e+02	1.473406e+01
3.000000e-01	3.182374e+02	1.511401e+01
3.120000e-01	3.182307e+02	1.550669e+01
3.240000e-01	3.182231e+02	1.591186e+01
3.360000e-01	3.182145e+02	1.632931e+01
3.480000e-01	3.182049e+02	1.675882e+01
3.600000e-01	3.181943e+02	1.720015e+01
3.720000e-01	3.181826e+02	1.765311e+01
3.840000e-01	3.181697e+02	1.811745e+01
3.960000e-01	3.181555e+02	1.859296e+01
4.080000e-01	3.181400e+02	1.907943e+01
4.200000e-01	3.181232e+02	1.957661e+01
4.320000e-01	3.181050e+02	2.008431e+01
4.440000e-01	3.180853e+02	2.060228e+01
4.560000e-01	3.180641e+02	2.113031e+01
4.680000e-01	3.180412e+02	2.166818e+01
4.800000e-01	3.180168e+02	2.221565e+01
4.920000e-01	3.179906e+02	2.277252e+01
5.040000e-01	3.179627e+02	2.333855e+01
5.160000e-01	3.179330e+02	2.391351e+01
5.280000e-01	3.179014e+02	2.449720e+01
5.400000e-01	3.178679e+02	2.508937e+01
5.520000e-01	3.178325e+02	2.568981e+01
5.640000e-01	3.177950e+02	2.629829e+01
5.760000e-01	3.177555e+02	2.691458e+01
5.880000e-01	3.177139e+02	2.753846e+01
6.000000e-01	3.176701e+02	2.816971e+01
6.120000e-01	3.176242e+02	2.880809e+01
6.240000e-01	3.175760e+02	2.945338e+01
6.360000e-01	3.175256e+02	3.010536e+01
6.480000e-01	3.174728e+02	3.076379e+01
6.600000e-01	3.174177e+02	3.142846e+01
6.720000e-01	3.173603e+02	3.209913e+01
6.840000e-01	3.173004e+02	3.277558e+01
6.960000e-01	3.172381e+02	3.345758e+01
7.080000e-01	3.171733e+02	3.414490e+01
7.200000e-01	3.171061e+02	3.483731e+01
7.320000e-01	3.170363e+02	3.553460e+01
7.440000e-01	3.169640e+02	3.623653e+01
7.560000e-01	3.168892e+02	3.694287e+01
7.680000e-01	3.168118e+02	3.765340e+01
7.800000e-01	3.167318e+02	3.836788e+01
7.920000e-01	3.166492e+02	3.908610e+01
8.040000e-01	3.165640e+02	3.980782e+01
8.160000e-01	3.164762e+02	4.053282e+01
8.280000e-01	3.163858e+02	4.126088e+01
8.400000e-01	3.162927e+02	4.199175e+01
8.520000e-01	3.161971e+02	4.272522e+01
8.640000e-01	3.160989e+02	4.346106e+01
8.760000e-01	3.159980e+02	4.419905e+01
8.880000e-01	3.158946e+02	4.493895e+01
9.000000e-01	3.157885e+02	4.568055e+01
9.120000e-01	3.156799e+02	4.642361e+01
9.240000e-01	3.155688e+02	4.716791e+01
9.360000e-01	3.154551e+02	4.791323e+01
9.480000e-01	3.153389e+02	4.865933e+01
9.600000e-01	3.152202e+02	4.940601e+01
9.720000e-01	3.150991e+02	5.015302e+01
9.840000e-01	3.149756e+02	5.090016e+01
9.960000e-01	3.148496e+02	5.164719e+01
1.008000e+00	3.147213e+02	5.239389e+01
1.020000e+00	3.145907e+02	5.314004e+01
1.032000e+00	3.144577e+02	5.388542e+01
1.044000e+00	3.143226e+02	5.462980e+01
1.056000e+00	3.141853e+02	5.537298e+01
1.068000e+00	3.140458e+02	5.611471e+01
1.080000e+00	3.139042e+02	5.685480e+01
1.092000e+00	3.137606e+02	5.759301e+01
1.104000e+00	3.136151e+02	5.832913e+01
1.116000e+00	3.134676e+02	5.906293e+01
1.128000e+00	3.133183e+02	5.979421e+01
1.140000e+00	3.131671e+02	6.052275e+01
1.152000e+00	3.130143e+02	6.124833e+01
1.164000e+00	3.128598e+02	6.197073e+01
1.176000e+00	3.127038e+02	6.268974e+01
1.188000e+00	3.125462e+02	6.340515e+01
1.200000e+00	3.123872e+02	6.411674e+01
1.212000e+00	3.122269e+02	6.482430e+01
1.224000e+00	3.120653e+02	6.552762e+01
1.236000e+00	3.119026e+02	6.622649e+01
1.248000e+00	3.117387e+02	6.692069e+01
1.260000e+00	3.115739e+02	6.761003e+01
1.272000e+00	3.114081e+02	6.829428e+01
1.284000e+00	3.112416e+02	6.897324e+01
1.296000e+00	3.110743e+02	6.964671e+01
1.308000e+00	3.109064e+02	7.031448e+01
1.320000e+00	3.107380e+02	7.097634e+01
1.332000e+00	3.105692e+02	7.163208e+01
1.344000e+00	3.104001e+02	7.228151e+01
1.356000e+00	3.102307e+02	7.292442e+01
1.368000e+00	3.100613e+02	7.356061e+01
1.380000e+00	3.098919e+02	7.418987e+01
1.392000e+00	3.097226e+02	7.481201e+01
1.404000e+00	3.095535e+02	7.542682e+01
1.416000e+00	3.093848e+02	7.603411e+01
1.428000e+00	3.092166e+02	7.663367e+01
1.440000e+00	3.090489e+02	7.722532e+01
1.452000e+00	3.088820e+02	7.780884e+01
1.464000e+00	3.087158e+02	7.838405e+01
1.476000e+00	3.085506e+02	7.895075e+01
1.488000e+00	3.083865e+02	7.950874e+01
1.500000e+00	3.082236e+02	8.005783e+01
1.512000e+00	3.080620e+02	8.059782e+01
1.524000e+00	3.079018e+02	8.112852e+01
1.536000e+00	3.077432e+02	8.164975e+01
1.548000e+00	3.075862e+02	8.216129e+01
1.560000e+00	3.074311e+02	8.266298e+01
1.572000e+00	3.072780e+02	8.315460e+01
1.584000e+00	3.071269e+02	8.363598e+01
1.596000e+00	3.069780e+02	8.410691e+01
1.608000e+00	3.068315e+02	8.456722e+01
1.620000e+00	3.066874e+02	8.501671e+01
1.632000e+00	3.065459e+02	8.545519e+01
1.644000e+00	3.064071e+02	8.588247e+01
1.656000e+00	3.062712e+02	8.629836e+01
1.668000e+00	3.061383e+02	8.670268e+01
1.680000e+00	3.060085e+02	8.709523e+01
1.692000e+00	3.058819e+02	8.747584e+01
1.704000e+00	3.057587e+02	8.784430e+01
1.716000e+00	3.056390e+02	8.820043e+01
1.728000e+00	3.055229e+02	8.854404e+01
1.740000e+00	3.054105e+02	8.887494e+01
1.752000e+00	3.053021e+02	8.919295e+01
1.764000e+00	3.051976e+02	8.949788e+01
1.776000e+00	3.050972e+02	8.978953e+01
1.788000e+00	3.050011e+02	9.006772e+01
1.800000e+00	3.049094e+02	9.033225e+01
1.812000e+00	3.048221e+02	9.058295e+01
1.824000e+00	3.047394e+02	9.081961e+01
1.836000e+00	3.046615e+02	9.104205e+01
1.848000e+00	3.045884e+02	9.125007e+01
1.860000e+00	3.045202e+02	9.144348e+01
1.872000e+00	3.044571e+02	9.162210e+01
1.884000e+00	3.043991e+02	9.178572e+01
1.896000e+00	3.043464e+02	9.193415e+01
1.908000e+00	3.042991e+02	9.206720e+01
1.920000e+00	3.042573e+02	9.218467e+01
1.932000e+00	3.042210e+02	9.228636e+01
1.944000e+00	3.041903e+02	9.237208e+01
1.956000e+00	3.041655e+02	9.244163e+01
1.968000e+00	3.041464e+02	9.249480e+01
1.980000e+00	3.041333e+02	9.253140e+01
1.992000e+00	3.041262e+02	9.255122e+01
2.004000e+00	3.041259e+02	9.255574e+01
2.016000e+00	3.041416e+02	9.256652e+01
2.028000e+00	3.041761e+02	9.259011e+01
2.040000e+00	3.042289e+02	9.262636e+01
2.052000e+00	3.043000e+02	9.267515e+01
2.064000e+00	3.043890e+02	9.273635e+01
2.076000e+00	3.044957e+02	9.280984e+01
2.088000e+00	3.046198e+02	9.289550e+01
2.100000e+00	3.047611e+02	9.299324e+01
2.112000e+00	3.049194e+02	9.310294e+01
2.124000e+00	3.050942e+02	9.322453e+01
2.136000e+00	3.052854e+02	9.335791e+01
2.148000e+00	3.054927e+02	9.350300e+01
2.160000e+00	3.057158e+02	9.365972e+01
2.172000e+00	3.059545e+02	9.382799e+01
2.184000e+00	3.062083e+02	9.400775e+01
2.196000e+00	3.064770e+02	9.419892e+01
2.208000e+00	3.067604e+02	9.440146e+01
2.220000e+00	3.070582e+02	9.461529e+01
2.232000e+00	3.073699e+02	9.484037e+01
2.244000e+00	3.076954e+02	9.507663e+01
2.256000e+00	3.080343e+02	9.532402e+01
2.268000e+00	3.083863e+02	9.558251e+01
2.280000e+00	3.087511e+02	9.585203e+01
2.292000e+00	3.091284e+02	9.613254e+01
2.304000e+00	3.095178e+02	9.642400e+01
2.316000e+00	3.099191e+02	9.672635e+01
2.328000e+00	3.103319e+02	9.703957e+01
2.340000e+00	3.107560e+02	9.736359e+01
2.352000e+00	3.111909e+02	9.769839e+01
2.364000e+00	3.116364e+02	9.804391e+01
2.376000e+00	3.120921e+02	9.840011e+01
2.388000e+00	3.125577e+02	9.876694e+01
2.400000e+00	3.130330e+02	9.914436e+01
2.412000e+00	3.135174e+02	9.953232e+01
2.424000e+00	3.140109e+02	9.993077e+01
2.436000e+00	3.145129e+02	1.003397e+02
2.448000e+00	3.150232e+02	1.007589e+02
2.460000e+00	3.155414e+02	1.011886e+02
2.472000e+00	3.160673e+02	1.016285e+02
2.484000e+00	3.166004e+02	1.020786e+02
2.496000e+00	3.171405e+02	1.025388e+02
2.508000e+00	3.176872e+02	1.030092e+02
2.520000e+00	3.182403e+02	1.034896e+02
2.532000e+00	3.187993e+02	1.039799e+02
2.544000e+00	3.193639e+02	1.044801e+02
2.556000e+00	3.199339e+02	1.049902e+02
2.568000e+00	3.205089e+02	1.055099e+02
2.580000e+00	3.210886e+02	1.060393e+02
2.592000e+00	3.216726e+02	1.065782e+02
2.604000e+00	3.222607e+02	1.071266e+02
2.616000e+00	3.228524e+02	1.076844e+02
2.628000e+00	3.234476e+02	1.082514e+02
2.640000e+00	3.240459e+02	1.088275e+02
2.652000e+00	3.246470e+02	1.094127e+02
2.664000e+00	3.252505e+02	1.100069e+02
2.676000e+00	3.258562e+02	1.106098e+02
2.688000e+00	3.264637e+02	1.112214e+02
2.700000e+00	3.270728e+02	1.118416e+02
2.712000e+00	3.276831e+02	1.124702e+02
2.724000e+00	3.282945e+02	1.131071e+02
2.736000e+00	3.289064e+02	1.137522e+02
2.748000e+00	3.295188e+02	1.144052e+02
2.760000e+00	3.301312e+02	1.150661e+02
2.772000e+00	3.307434e+02	1.157347e+02
2.784000e+00	3.313552e+02	1.164108e+02
2.796000e+00	3.319662e+02	1.170943e+02
2.808000e+00	3.325762e+02	1.177850e+02
2.820000e+00	3.331850e+02	1.184826e+02
2.832000e+00	3.337921e+02	1.191871e+02
2.844000e+00	3.343975e+02	1.198982e+02
2.856000e+00	3.350008e+02	1.206158e+02
2.868000e+00	3.356018e+02	1.213396e+02
2.880000e+00	3.362003e+02	1.220695e+02
2.892000e+00	3.367959e+02	1.228052e+02
2.904000e+00	3.373885e+02	1.235466e+02
2.916000e+00	3.379779e+02	1.242933e+02
2.928000e+00	3.385638e+02	1.250452e+02
2.940000e+00	3.391460e+02	1.258021e+02
2.952000e+00	3.397242e+02	1.265638e+02
2.964000e+00	3.402984e+02	1.273299e+02
2.976000e+00	3.408682e+02	1.281002e+02
2.988000e+00	3.414335e+02	1.288746e+02
3.000000e+00	3.419941e+02	1.296528e+02
3.012000e+00	3.425498e+02	1.304344e+02
3.024000e+00	3.431004e+02	1.312193e+02
3.036000e+00	3.436457e+02	1.320072e+02
3.048000e+00	3.441857e+02	1.327978e+02
3.060000e+00	3.447200e+02	1.335908e+02
3.072000e+00	3.452486e+02	1.343861e+02
3.084000e+00	3.457713e+02	1.351832e+02
3.096000e+00	3.462880e+02	1.359820e+02
3.108000e+00	3.467985e+02	1.367821e+02
3.120000e+00	3.473027e+02	1.375832e+02
3.132000e+00	3.478005e+02	1.383851e+02
3.144000e+00	3.482918e+02	1.391875e+02
3.156000e+00	3.487763e+02	1.399901e+02
3.168000e+00	3.492542e+02	1.407925e+02
3.180000e+00	3.497251e+02	1.415945e+02
3.192000e+00	3.501891e+02	1.423957e+02
3.204000e+00	3.506460e+02	1.431959e+02
3.216000e+00	3.510958e+02	1.439948e+02
3.228000e+00	3.515384e+02	1.447919e+02
3.240000e+00	3.519737e+02	1.455871e+02
3.252000e+00	3.524017e+02	1.463800e+02
3.264000e+00	3.528223e+02	1.471703e+02
3.276000e+00	3.532354e+02	1.479577e+02
3.288000e+00	3.536411e+02	1.487418e+02
3.300000e+00	3.540392e+02	1.495223e+02
3.312000e+00	3.544297e+02	1.502989e+02
3.324000e+00	3.548126e+02	1.510712e+02
3.336000e+00	3.551880e+02	1.518391e+02
3.348000e+00	3.555556e+02	1.526020e+02
3.360000e+00	3.559156e+02	1.533597e+02
3.372000e+00	3.562680e+02	1.541119e+02
3.384000e+00	3.566126e+02	1.548581e+02
3.396000e+00	3.569497e+02	1.555982e+02
3.408000e+00	3.572790e+02	1.563317e+02
3.420000e+00	3.576007e+02	1.570584e+02
3.432000e+00	3.579148e+02	1.577779e+02
3.444000e+00	3.582212e+02	1.584898e+02
3.456000e+00	3.585201e+02	1.591938e+02
3.468000e+00	3.588114e+02	1.598897e+02
3.480000e+00	3.590952e+02	1.605770e+02
3.492000e+00	3.593715e+02	1.612554e+02
3.504000e+00	3.596403e+02	1.619247e+02
3.516000e+00	3.599017e+02	1.625844e+02
3.528000e+00	3.601558e+02	1.632342e+02
3.540000e+00	3.604025e+02	1.638739e+02
3.552000e+00	3.606420e+02	1.645030e+02
3.564000e+00	3.608742e+02	1.651213e+02
3.576000e+00	3.610993e+02	1.657284e+02
3.588000e+00	3.613173e+02	1.663239e+02
3.600000e+00	3.615282e+02	1.669077e+02
3.612000e+00	3.617321e+02	1.674792e+02
3.624000e+00	3.619291e+02	1.680383e+02
3.636000e+00	3.621193e+02	1.685846e+02
3.648000e+00	3.623026e+02	1.691177e+02
3.660000e+00	3.624792e+02	1.696374e+02
3.672000e+00	3.626491e+02	1.701433e+02
3.684000e+00	3.628124e+02	1.706351e+02
3.696000e+00	3.629691e+02	1.711125e+02
3.708000e+00	3.631193e+02	1.715751e+02
3.720000e+00	3.632631e+02	1.720227e+02
3.732000e+00	3.634005e+02	1.724550e+02
3.744000e+00	3.635316e+02	1.728716e+02
3.756000e+00	3.636565e+02	1.732721e+02
3.768000e+00	3.637751e+02	1.736564e+02
3.780000e+00	3.638876e+02	1.740241e+02
3.792000e+00	3.639939e+02	1.743749e+02
3.804000e+00	3.640942e+02	1.747085e+02
3.816000e+00	3.641885e+02	1.750246e+02
3.828000e+00	3.642767e+02	1.753228e+02
3.840000e+00	3.643590e+02	1.756030e+02
3.852000e+00	3.644354e+02	1.758647e+02
3.864000e+00	3.645058e+02	1.761077e+02
3.876000e+00	3.645704e+02	1.763317e+02
3.888000e+00	3.646291e+02	1.765365e+02
3.900000e+00	3.646819e+02	1.767216e+02
3.912000e+00	3.647288e+02	1.768869e+02
3.924000e+00	3.647698e+02	1.770321e+02
3.936000e+00	3.648050e+02	1.771568e+02
3.948000e+00	3.648342e+02	1.772608e+02
3.960000e+00	3.648574e+02	1.773438e+02
3.972000e+00	3.648747e+02	1.774055e+02
3.984000e+00	3.648859e+02	1.774457e+02
3.996000e+00	3.648910e+02	1.774640e+02
4.008000e+00	3.648956e+02	1.774581e+02
4.020000e+00	3.649173e+02	1.774204e+02
4.032000e+00	3.649575e+02	1.773508e+02
4.044000e+00	3.650159e+02	1.772496e+02
4.056000e+00	3.650921e+02	1.771173e+02
4.068000e+00	3.651860e+02	1.769543e+02
4.080000e+00	3.652973e+02	1.767608e+02
4.092000e+00	3.654257e+02	1.765372e+02
4.104000e+00	3.655708e+02	1.762839e+02
4.116000e+00	3.657324e+02	1.760012e+02
4.128000e+00	3.659102e+02	1.756895e+02
4.140000e+00	3.661038e+02	1.753491e+02
4.152000e+00	3.663130e+02	1.749803e+02
4.164000e+00	3.665374e+02	1.745835e+02
4.176000e+00	3.667766e+02	1.741590e+02
4.188000e+00	3.670304e+02	1.737072e+02
4.200000e+00	3.672983e+02	1.732283e+02
4.212000e+00	3.675801e+02	1.727227e+02
4.224000e+00	3.678753e+02	1.721907e+02
4.236000e+00	3.681837e+02	1.716326e+02
4.248000e+00	3.685047e+02	1.710487e+02
4.260000e+00	3.688382e+02	1.704393e+02
4.272000e+00	3.691837e+02	1.698049e+02
4.284000e+00	3.695408e+02	1.691456e+02
4.296000e+00	3.699091e+02	1.684618e+02
4.308000e+00	3.702883e+02	1.677537e+02
4.320000e+00	3.706780e+02	1.670218e+02
4.332000e+00	3.710778e+02	1.662664e+02
4.344000e+00	3.714874e+02	1.654876e+02
4.356000e+00	3.719062e+02	1.646859e+02
4.368000e+00	3.723340e+02	1.638616e+02
4.380000e+00	3.727703e+02	1.630149e+02
4.392000e+00	3.732148e+02	1.621462e+02
4.404000e+00	3.736671e+02	1.612558e+02
4.416000e+00	3.741267e+02	1.603441e+02
4.428000e+00	3.745933e+02	1.594113e+02
4.440000e+00	3.750666e+02	1.584578e+02
4.452000e+00	3.755460e+02	1.574838e+02
4.464000e+00	3.760312e+02	1.564898e+02
4.476000e+00	3.765219e+02	1.554760e+02
4.488000e+00	3.770177e+02	1.544427e+02
4.500000e+00	3.775181e+02	1.533904e+02
4.512000e+00	3.780228e+02	1.523193e+02
4.524000e+00	3.785314e+02	1.512298e+02
4.536000e+00	3.790436e+02	1.501222e+02
4.548000e+00	3.795589e+02	1.489968e+02
4.560000e+00	3.800770e+02	1.478541e+02
4.572000e+00	3.805976e+02	1.466943e+02
4.584000e+00	3.811202e+02	1.455178e+02
4.596000e+00	3.816445e+02	1.443249e+02
4.608000e+00	3.821701e+02	1.431161e+02
4.620000e+00	3.826968e+02	1.418916e+02
4.632000e+00	3.832241e+02	1.406519e+02
4.644000e+00	3.837517e+02	1.393973e+02
4.656000e+00	3.842793e+02	1.381282e+02
4.668000e+00	3.848065e+02	1.368449e+02
4.680000e+00	3.853330e+02	1.355479e+02
4.692000e+00	3.858585e+02	1.342375e+02
4.704000e+00	3.863827e+02	1.329141e+02
4.716000e+00	3.869052e+02	1.315781e+02
4.728000e+00	3.874258e+02	1.302299e+02
4.740000e+00	3.879442e+02	1.288699e+02
4.752000e+00	3.884600e+02	1.274984e+02
4.764000e+00	3.889730e+02	1.261160e+02
4.776000e+00	3.894828e+02	1.247229e+02
4.788000e+00	3.899893e+02	1.233197e+02
4.800000e+00	3.904922e+02	1.219067e+02
4.812000e+00	3.909911e+02	1.204843e+02
4.824000e+00	3.914859e+02	1.190530e+02
4.836000e+00	3.919762e+02	1.176132e+02
4.848000e+00	3.924620e+02	1.161654e+02
4.860000e+00	3.929428e+02	1.147098e+02
4.872000e+00	3.934186e+02	1.132471e+02
4.884000e+00	3.938890e+02	1.117776e+02
4.896000e+00	3.943539e+02	1.103017e+02
4.908000e+00	3.948130e+02	1.088200e+02
4.920000e+00	3.952663e+02	1.073329e+02
4.932000e+00	3.957134e+02	1.058407e+02
4.944000e+00	3.961543e+02	1.043440e+02
4.956000e+00	3.965887e+02	1.028433e+02
4.968000e+00	3.970165e+02	1.013389e+02
4.980000e+00	3.974376e+02	9.983136e+01
4.992000e+00	3.978517e+02	9.832114e+01
5.004000e+00	3.982588e+02	9.680869e+01
5.016000e+00	3.986587e+02	9.529449e+01
5.028000e+00	3.990513e+02	9.377900e+01
5.040000e+00	3.994366e+02	9.226270e+01
5.052000e+00	3.998143e+02	9.074607e+01
5.064000e+00	4.001844e+02	8.922957e+01
5.076000e+00	4.005469e+02	8.771369e+01
5.088000e+00	4.009016e+02	8.619892e+01
5.100000e+00	4.012485e+02	8.468572e+01
5.112000e+00	4.015875e+02	8.317460e+01
5.124000e+00	4.019185e+02	8.166602e+01
5.136000e+00	4.022416e+02	8.016048e+01
5.148000e+00	4.025566e+02	7.865847e+01
5.160000e+00	4.028636e+02	7.716047e+01
5.172000e+00	4.031626e+02	7.566697e+01
5.184000e+00	4.034535e+02	7.417847e+01
5.196000e+00	4.037363e+02	7.269546e+01
5.208000e+00	4.040110e+02	7.121842e+01
5.220000e+00	4.042777e+02	6.974785e+01
5.232000e+00	4.045363e+02	6.828425e+01
5.244000e+00	4.047869e+02	6.682810e+01
5.256000e+00	4.050296e+02	6.537990e+01
5.268000e+00	4.052643e+02	6.394014e+01
5.280000e+00	4.054912e+02	6.250933e+01
5.292000e+00	4.057102e+02	6.108794e+01
5.304000e+00	4.059215e+02	5.967648e+01
5.316000e+00	4.061251e+02	5.827543e+01
5.328000e+00	4.063211e+02	5.688530e+01
5.340000e+00	4.065096e+02	5.550657e+01
5.352000e+00	4.066907e+02	5.413974e+01
5.364000e+00	4.068644e+02	5.278530e+01
5.376000e+00	4.070309e+02	5.144373e+01
5.388000e+00	4.071903e+02	5.011554e+01
5.400000e+00	4.073427e+02	4.880121e+01
5.412000e+00	4.074882e+02	4.750123e+01
5.424000e+00	4.076270e+02	4.621609e+01
5.436000e+00	4.077591e+02	4.494627e+01
5.448000e+00	4.078848e+02	4.369227e+01
5.460000e+00	4.080041e+02	4.245457e+01
5.472000e+00	4.081172e+02	4.123365e+01
5.484000e+00	4.082243e+02	4.002999e+01
5.496000e+00	4.083255e+02	3.884409e+01
5.508000e+00	4.084210e+02	3.767642e+01
5.520000e+00	4.085109e+02	3.652745e+01
5.532000e+00	4.085954e+02	3.539768e+01
5.544000e+00	4.086746e+02	3.428758e+01
5.556000e+00	4.087488e+02	3.319763e+01
5.568000e+00	4.088181e+02	3.212829e+01
5.580000e+00	4.088826e+02	3.108005e+01
5.592000e+00	4.089426e+02	3.005338e+01
5.604000e+00	4.089982e+02	2.904876e+01
5.616000e+00	4.090497e+02	2.806664e+01
5.628000e+00	4.090971e+02	2.710750e+01
5.640000e+00	4.091406e+02	2.617182e+01
5.652000e+00	4.091806e+02	2.526005e+01
5.664000e+00	4.092170e+02	2.437267e+01
5.676000e+00	4.092502e+02	2.351014e+01
5.688000e+00	4.092802e+02	2.267292e+01
5.700000e+00	4.093073e+02	2.186147e+01
5.712000e+00	4.093316e+02	2.107627e+01
5.724000e+00	4.093533e+02	2.031776e+01
5.736000e+00	4.093727e+02	1.958642e+01
5.748000e+00	4.093897e+02	1.888269e+01
5.760000e+00	4.094047e+02	1.820704e+01
5.772000e+00	4.094178e+02	1.755993e+01
5.784000e+00	4.094291e+02	1.694180e+01
5.796000e+00	4.094388e+02	1.635313e+01
5.808000e+00	4.094470e+02	1.579436e+01
5.820000e+00	4.094539e+02	1.526595e+01
5.832000e+00	4.094597e+02	1.476835e+01
5.844000e+00	4.094644e+02	1.430201e+01
5.856000e+00	4.094682e+02	1.386740e+01
5.868000e+00	4.094712e+02	1.346496e+01
5.880000e+00	4.094735e+02	1.309514e+01
5.892000e+00	4.094753e+02	1.275841e+01
5.904000e+00	4.094766e+02	1.245520e+01
5.916000e+00	4.094775e+02	1.218597e+01
5.928000e+00	4.094782e+02	1.195118e+01
5.940000e+00	4.094786e+02	1.175127e+01
5.952000e+00	4.094788e+02	1.158669e+01
5.964000e+00	4.094790e+02	1.145790e+01
5.976000e+00	4.094790e+02	1.136535e+01
5.988000e+00	4.094791e+02	1.130949e+01
6.000000e+00	4.094791e+02	1.129077e+01
0.000000e+00	4.094791e+02	1.129077e+01
1.200000e-02	4.094791e+02	1.129077e+01
2.400000e-02	4.094791e+02	1.129077e+01
3.600000e-02	4.094791e+02	1.129077e+01
4.800000e-02	4.094791e+02	1.129077e+01
6.000000e-02	4.094791e+02	1.129077e+01
7.200000e-02	4.094791e+02	1.129077e+01
8.400000e-02	4.094791e+02	1.129077e+01
9.600000e-02	4.094791e+02	1.129077e+01
1.080000e-01	4.094791e+02	1.129077e+01
1.200000e-01	4.094791e+02	1.129077e+01
1.320000e-01	4.094791e+02	1.129077e+01
1.440000e-01	4.094791e+02	1.129077e+01
1.560000e-01	4.094791e+02	1.129077e+01
1.680000e-01	4.094791e+02	1.129077e+01
1.800000e-01	4.094791e+02	1.129077e+01
1.920000e-01	4.094791e+02	1.129077e+01
2.040000e-01	4.094791e+02	1.129077e+01
2.160000e-01	4.094791e+02	1.129077e+01
2.280000e-01	4.094791e+02	1.129077e+01
2.400000e-01	4.094791e+02	1.129077e+01
2.520000e-01	4.094791e+02	1.129077e+01
2.640000e-01	4.094791e+02	1.129077e+01
2.760000e-01	4.094791e+02	1.129077e+01
2.880000e-01	4.094791e+02	1.129077e+01
3.000000e-01	4.094791e+02	1.129077e+01
3.120000e-01	4.094791e+02	1.129077e+01
3.240000e-01	4.094791e+02	1.129077e+01
3.360000e-01	4.094791e+02	1.129077e+01
3.480000e-01	4.094791e+02	1.129077e+01
3.600000e-01	4.094791e+02	1.129077e+01
3.720000e-01	4.094791e+02	1.129077e+01
3.840000e-01	4.094791e+02	1.129077e+01
3.960000e-01	4.094791e+02	1.129077e+01
4.080000e-01	4.094791e+02	1.129077e+01
4.200000e-01	4.094791e+02	1.129077e+01
4.320000e-01	4.094791e+02	1.129077e+01
4.440000e-01	4.094791e+02	1.129077e+01
4.560000e-01	4.094791e+02	1.129077e+01
4.680000e-01	4.094791e+02	1.129077e+01
4.800000e-01	4.094791e+02	1.129077e+01
4.920000e-01	4.094791e+02	1.129077e+01
5.040000e-01	4.094791e+02	1.129077e+01
5.160000e-01	4.094791e+02	1.129077e+01
5.280000e-01	4.094791e+02	1.129077e+01
5.400000e-01	4.094791e+02	1.129077e+01
5.520000e-01	4.094791e+02	1.129077e+01
5.640000e-01	4.094791e+02	1.129077e+01
5.760000e-01	4.094791e+02	1.129077e+01
5.880000e-01	4.094791e+02	1.129077e+01
6.000000e-01	4.094791e+02	1.129077e+01
6.120000e-01	4.094791e+02	1.129077e+01
6.240000e-01	4.094791e+02	1.129077e+01
6.360000e-01	4.094791e+02	1.129077e+01
6.480000e-01	4.094791e+02	1.129077e+01
6.600000e-01	4.094791e+02	1.129077e+01
6.720000e-01	4.094791e+02	1.129077e+01
6.840000e-01	4.094791e+02	1.129077e+01
6.960000e-01	4.094791e+02	1.129077e+01
7.080000e-01	4.094791e+02	1.129077e+01
7.200000e-01	4.094791e+02	1.129077e+01
7.320000e-01	4.094791e+02	1.129077e+01
7.440000e-01	4.094791e+02	1.129077e+01
7.560000e-01	4.094791e+02	1.129077e+01
7.680000e-01	4.094791e+02	1.129077e+01
7.800000e-01	4.094791e+02	1.129077e+01
7.920000e-01	4.094791e+02	1.129077e+01
8.040000e-01	4.094791e+02	1.129077e+01
8.160000e-01	4.094791e+02	1.129077e+01
8.280000e-01	4.094791e+02	1.129077e+01
8.400000e-01	4.094791e+02	1.129077e+01
8.520000e-01	4.094791e+02	1.129077e+01
8.640000e-01	4.094791e+02	1.129077e+01
8.760000e-01	4.094791e+02	1.129077e+01
8.880000e-01	4.094791e+02	1.129077e+01
9.000000e-01	4.094791e+02	1.129077e+01
9.120000e-01	4.094791e+02	1.129077e+01
9.240000e-01	4.094791e+02	1.129077e+01
9.360000e-01	4.094791e+02	1.129077e+01
9.480000e-01	4.094791e+02	1.129077e+01
9.600000e-01	4.094791e+02	1.129077e+01
9.720000e-01	4.094791e+02	1.129077e+01
9.840000e-01	4.094791e+02	1.129077e+01
9.960000e-01	4.094791e+02	1.129077e+01
1.008000e+00	4.094791e+02	1.129077e+01
1.020000e+00	4.094791e+02	1.129077e+01
1.032000e+00	4.094791e+02	1.129077e+01
1.044000e+00	4.094791e+02	1.129077e+01
1.056000e+00	4.094791e+02	1.129077e+01
1.068000e+00	4.094791e+02	1.129077e+01
1.080000e+00	4.094791e+02	1.129077e+01
1.092000e+00	4.094791e+02	1.129077e+01
1.104000e+00	4.094791e+02	1.129077e+01
1.116000e+00	4.094791e+02	1.129077e+01
1.128000e+00	4.094791e+02	1.129077e+01
1.140000e+00	4.094791e+02	1.129077e+01
1.152000e+00	4.094791e+02	1.129077e+01
1.164000e+00	4.094791e+02	1.129077e+01
1.176000e+00	4.094791e+02	1.129077e+01
1.188000e+00	4.094791e+02	1.129077e+01
1.200000e+00	4.094791e+02	1.129077e+01
1.212000e+00	4.094791e+02	1.129077e+01
1.224000e+00	4.094791e+02	1.129077e+01
1.236000e+00	4.094791e+02	1.129077e+01
1.248000e+00	4.094791e+02	1.129077e+01
1.260000e+00	4.094791e+02	1.129077e+01
1.272000e+00	4.094791e+02	1.129077e+01
1.284000e+00	4.094791e+02	1.129077e+01
1.296000e+00	4.094791e+02	1.129077e+01
1.308000e+00	4.094791e+02	1.129077e+01
1.320000e+00	4.094791e+02	1.129077e+01
1.332000e+00	4.094791e+02	1.129077e+01
1.344000e+00	4.094791e+02	1.129077e+01
1.356000e+00	4.094791e+02	1.129077e+01
1.368000e+00	4.094791e+02	1.129077e+01
1.380000e+00	4.094791e+02	1.129077e+01
1.392000e+00	4.094791e+02	1.129077e+01
1.404000e+00	4.094791e+02	1.129077e+01
1.416000e+00	4.094791e+02	1.129077e+01
1.428000e+00	4.094791e+02	1.129077e+01
1.440000e+00	4.094791e+02	1.129077e+01
1.452000e+00	4.094791e+02	1.129077e+01
1.464000e+00	4.094791e+02	1.129077e+01
1.476000e+00	4.094791e+02	1.129077e+01
1.488000e+00	4.094791e+02	1.129077e+01
1.500000e+00	4.094791e+02	1.129077e+01
1.512000e+00	4.094791e+02	1.129077e+01
1.524000e+00	4.094791e+02	1.129077e+01
1.536000e+00	4.094791e+02	1.129077e+01
1.548000e+00	4.094791e+02	1.129077e+01
1.560000e+00	4.094791e+02	1.129077e+01
1.572000e+00	4.094791e+02	1.129077e+01
1.584000e+00	4.094791e+02	1.129077e+01
1.596000e+00	4.094791e+02	1.129077e+01
1.608000e+00	4.094791e+02	1.129077e+01
1.620000e+00	4.094791e+02	1.129077e+01
1.632000e+00	4.094791e+02	1.129077e+01
1.644000e+00	4.094791e+02	1.129077e+01
1.656000e+00	4.094791e+02	1.129077e+01
1.668000e+00	4.094791e+02	1.129077e+01
1.680000e+00	4.094791e+02	1.129077e+01
1.692000e+00	4.094791e+02	1.129077e+01
1.704000e+00	4.094791e+02	1.129077e+01
1.716000e+00	4.094791e+02	1.129077e+01
1.728000e+00	4.094791e+02	1.129077e+01
1.740000e+00	4.094791e+02	1.129077e+01
1.752000e+00	4.094791e+02	1.129077e+01
1.764000e+00	4.094791e+02	1.129077e+01
1.776000e+00	4.094791e+02	1.129077e+01
1.788000e+00	4.094791e+02	1.129077e+01
1.800000e+00	4.094791e+02	1.129077e+01
1.812000e+00	4.094791e+02	1.129077e+01
1.824000e+00	4.094791e+02	1.129077e+01
1.836000e+00	4.094791e+02	1.129077e+01
1.848000e+00	4.094791e+02	1.129077e+01
1.860000e+00	4.094791e+02	1.129077e+01
1.872000e+00	4.094791e+02	1.129077e+01
1.884000e+00	4.094791e+02	1.129077e+01
1.896000e+00	4.094791e+02	1.129077e+01
1.908000e+00	4.094791e+02	1.129077e+01
1.920000e+00	4.094791e+02	1.129077e+01
1.932000e+00	4.094791e+02	1.129077e+01
1.944000e+00	4.094791e+02	1.129077e+01
1.956000e+00	4.094791e+02	1.129077e+01
1.968000e+00	4.094791e+02	1.129077e+01
1.980000e+00	4.094791e+02	1.129077e+01
1.992000e+00	4.094791e+02	1.129077e+01
2.004000e+00	4.094791e+02	1.129077e+01
2.016000e+00	4.094791e+02	1.129077e+01
2.028000e+00	4.094791e+02	1.129077e+01
2.040000e+00	4.094791e+02	1.129077e+01
2.052000e+00	4.094791e+02	1.129077e+01
2.064000e+00	4.094791e+02	1.129077e+01
2.076000e+00	4.094791e+02	1.129077e+01
2.088000e+00	4.094791e+02	1.129077e+01
2.100000e+00	4.094791e+02	1.129077e+01
2.112000e+00	4.094791e+02	1.129077e+01
2.124000e+00	4.094791e+02	1.129077e+01
2.136000e+00	4.094791e+02	1.129077e+01
2.148000e+00	4.094791e+02	1.129077e+01
2.160000e+00	4.094791e+02	1.129077e+01
2.172000e+00	4.094791e+02	1.129077e+01
2.184000e+00	4.094791e+02	1.129077e+01
2.196000e+00	4.094791e+02	1.129077e+01
2.208000e+00	4.094791e+02	1.129077e+01
2.220000e+00	4.094791e+02	1.129077e+01
2.232000e+00	4.094791e+02	1.129077e+01
2.244000e+00	4.094791e+02	1.129077e+01
2.256000e+00	4.094791e+02	1.129077e+01
2.268000e+00	4.094791e+02	1.129077e+01
2.280000e+00	4.094791e+02	1.129077e+01
2.292000e+00	4.094791e+02	1.129077e+01
2.304000e+00	4.094791e+02	1.129077e+01
2.316000e+00	4.094791e+02	1.129077e+01
2.328000e+00	4.094791e+02	1.129077e+01
2.340000e+00	4.094791e+02	1.129077e+01
2.352000e+00	4.094791e+02	1.129077e+01
2.364000e+00	4.094791e+02	1.129077e+01
2.376000e+00	4.094791e+02	1.129077e+01
2.388000e+00	4.094791e+02	1.129077e+01
2.400000e+00	4.094791e+02	1.129077e+01
2.412000e+00	4.094791e+02	1.129077e+01
2.424000e+00	4.094791e+02	1.129077e+01
2.436000e+00	4.094791e+02	1.129077e+01
2.448000e+00	4.094791e+02	1.129077e+01
2.460000e+00	4.094791e+02	1.129077e+01
2.472000e+00	4.094791e+02	1.129077e+01
2.484000e+00	4.094791e+02	1.129077e+01
2.496000e+00	4.094791e+02	1.129077e+01
2.508000e+00	4.094791e+02	1.129077e+01
2.520000e+00	4.094791e+02	1.129077e+01
2.532000e+00	4.094791e+02	1.129077e+01
2.544000e+00	4.094791e+02	1.129077e+01
2.556000e+00	4.094791e+02	1.129077e+01
2.568000e+00	4.094791e+02	1.129077e+01
2.580000e+00	4.094791e+02	1.129077e+01
2.592000e+00	4.094791e+02	1.129077e+01
2.604000e+00	4.094791e+02	1.129077e+01
2.616000e+00	4.094791e+02	1.129077e+01
2.628000e+00	4.094791e+02	1.129077e+01
2.640000e+00	4.094791e+02	1.129077e+01
2.652000e+00	4.094791e+02	1.129077e+01
2.664000e+00	4.094791e+02	1.129077e+01
2.676000e+00	4.094791e+02	1.129077e+01
2.688000e+00	4.094791e+02	1.129077e+01
2.700000e+00	4.094791e+02	1.129077e+01
2.712000e+00	4.094791e+02	1.129077e+01
2.724000e+00	4.094791e+02	1.129077e+01
2.736000e+00	4.094791e+02	1.129077e+01
2.748000e+00	4.094791e+02	1.129077e+01
2.760000e+00	4.094791e+02	1.129077e+01
2.772000e+00	4.094791e+02	1.129077e+01
2.784000e+00	4.094791e+02	1.129077e+01
2.796000e+00	4.094791e+02	1.129077e+01
2.808000e+00	4.094791e+02	1.129077e+01
2.820000e+00	4.094791e+02	1.129077e+01
2.832000e+00	4.094791e+02	1.129077e+01
2.844000e+00	4.094791e+02	1.129077e+01
2.856000e+00	4.094791e+02	1.129077e+01
2.868000e+00	4.094791e+02	1.129077e+01
2.880000e+00	4.094791e+02	1.129077e+01
2.892000e+00	4.094791e+02	1.129077e+01
2.904000e+00	4.094791e+02	1.129077e+01
2.916000e+00	4.094791e+02	1.129077e+01
2.928000e+00	4.094791e+02	1.129077e+01
2.940000e+00	4.094791e+02	1.129077e+01
2.952000e+00	4.094791e+02	1.129077e+01
2.964000e+00	4.094791e+02	1.129077e+01
2.976000e+00	4.094791e+02	1.129077e+01
2.988000e+00	4.094791e+02	1.129077e+01
3.000000e+00	4.094791e+02	1.129077e+01
3.012000e+00	4.094791e+02	1.129077e+01
3.024000e+00	4.094791e+02	1.129077e+01
3.036000e+00	4.094791e+02	1.129077e+01
3.048000e+00	4.094791e+02	1.129077e+01
3.060000e+00	4.094791e+02	1.129077e+01
3.072000e+00	4.094791e+02	1.129077e+01
3.084000e+00	4.094791e+02	1.129077e+01
3.096000e+00	4.094791e+02	1.129077e+01
3.108000e+00	4.094791e+02	1.129077e+01
3.120000e+00	4.094791e+02	1.129077e+01
3.132000e+00	4.094791e+02	1.129077e+01
3.144000e+00	4.094791e+02	1.129077e+01
3.156000e+00	4.094791e+02	1.129077e+01
3.168000e+00	4.094791e+02	1.129077e+01
3.180000e+00	4.094791e+02	1.129077e+01
3.192000e+00	4.094791e+02	1.129077e+01
3.204000e+00	4.094791e+02	1.129077e+01
3.216000e+00	4.094791e+02	1.129077e+01
3.228000e+00	4.094791e+02	1.129077e+01
3.240000e+00	4.094791e+02	1.129077e+01
3.252000e+00	4.094791e+02	1.129077e+01
3.264000e+00	4.094791e+02	1.129077e+01
3.276000e+00	4.094791e+02	1.129077e+01
3.288000e+00	4.094791e+02	1.129077e+01
3.300000e+00	4.094791e+02	1.129077e+01
3.312000e+00	4.094791e+02	1.129077e+01
3.324000e+00	4.094791e+02	1.129077e+01
3.336000e+00	4.094791e+02	1.129077e+01
3.348000e+00	4.094791e+02	1.129077e+01
3.360000e+00	4.094791e+02	1.129077e+01
3.372000e+00	4.094791e+02	1.129077e+01
3.384000e+00	4.094791e+02	1.129077e+01
3.396000e+00	4.094791e+02	1.129077e+01
3.408000e+00	4.094791e+02	1.129077e+01
3.420000e+00	4.094791e+02	1.129077e+01
3.432000e+00	4.094791e+02	1.129077e+01
3.444000e+00	4.094791e+02	1.129077e+01
3.456000e+00	4.094791e+02	1.129077e+01
3.468000e+00	4.094791e+02	1.129077e+01
3.480000e+00	4.094791e+02	1.129077e+01
3.492000e+00	4.094791e+02	1.129077e+01
3.504000e+00	4.094791e+02	1.129077e+01
3.516000e+00	4.094791e+02	1.129077e+01
3.528000e+00	4.094791e+02	1.129077e+01
3.540000e+00	4.094791e+02	1.129077e+01
3.552000e+00	4.094791e+02	1.129077e+01
3.564000e+00	4.094791e+02	1.129077e+01
3.576000e+00	4.094791e+02	1.129077e+01
3.588000e+00	4.094791e+02	1.129077e+01
3.600000e+00	4.094791e+02	1.129077e+01
3.612000e+00	4.094791e+02	1.129077e+01
3.624000e+00	4.094791e+02	1.129077e+01
3.636000e+00	4.094791e+02	1.129077e+01
3.648000e+00	4.094791e+02	1.129077e+01
3.660000e+00	4.094791e+02	1.129077e+01
3.672000e+00	4.094791e+02	1.129077e+01
3.684000e+00	4.094791e+02	1.129077e+01
3.696000e+00	4.094791e+02	1.129077e+01
3.708000e+00	4.094791e+02	1.129077e+01
3.720000e+00	4.094791e+02	1.129077e+01
3.732000e+00	4.094791e+02	1.129077e+01
3.744000e+00	4.094791e+02	1.129077e+01
3.756000e+00	4.094791e+02	1.129077e+01
3.768000e+00	4.094791e+02	1.129077e+01
3.780000e+00	4.094791e+02	1.129077e+01
3.792000e+00	4.094791e+02	1.129077e+01
3.804000e+00	4.094791e+02	1.129077e+01
3.816000e+00	4.094791e+02	1.129077e+01
3.828000e+00	4.094791e+02	1.129077e+01
3.840000e+00	4.094791e+02	1.129077e+01
3.852000e+00	4.094791e+02	1.129077e+01
3.864000e+00	4.094791e+02	1.129077e+01
3.876000e+00	4.094791e+02	1.129077e+01
3.888000e+00	4.094791e+02	1.129077e+01
3.900000e+00	4.094791e+02	1.129077e+01
3.912000e+00	4.094791e+02	1.129077e+01
3.924000e+00	4.094791e+02	1.129077e+01
3.936000e+00	4.094791e+02	1.129077e+01
3.948000e+00	4.094791e+02	1.129077e+01
3.960000e+00	4.094791e+02	1.129077e+01
3.972000e+00	4.094791e+02	1.129077e+01
3.984000e+00	4.094791e+02	1.129077e+01
3.996000e+00	4.094791e+02	1.129077e+01
4.008000e+00	4.094791e+02	1.129077e+01
4.020000e+00	4.094791e+02	1.129077e+01
4.032000e+00	4.094791e+02	1.129077e+01
4.044000e+00	4.094791e+02	1.129077e+01
4.056000e+00	4.094791e+02	1.129077e+01
4.068000e+00	4.094791e+02	1.129077e+01
4.080000e+00	4.094791e+02	1.129077e+01
4.092000e+00	4.094791e+02	1.129077e+01
4.104000e+00	4.094791e+02	1.129077e+01
4.116000e+00	4.094791e+02	1.129077e+01
4.128000e+00	4.094791e+02	1.129077e+01
4.140000e+00	4.094791e+02	1.129077e+01
4.152000e+00	4.094791e+02	1.129077e+01
4.164000e+00	4.094791e+02	1.129077e+01
4.176000e+00	4.094791e+02	1.129077e+01
4.188000e+00	4.094791e+02	1.129077e+01
4.200000e+00	4.094791e+02	1.129077e+01
4.212000e+00	4.094791e+02	1.129077e+01
4.224000e+00	4.094791e+02	1.129077e+01
4.236000e+00	4.094791e+02	1.129077e+01
4.248000e+00	4.094791e+02	1.129077e+01
4.260000e+00	4.094791e+02	1.129077e+01
4.272000e+00	4.094791e+02	1.129077e+01
4.284000e+00	4.094791e+02	1.129077e+01
4.296000e+00	4.094791e+02	1.129077e+01
4.308000e+00	4.094791e+02	1.129077e+01
4.320000e+00	4.094791e+02	1.129077e+01
4.332000e+00	4.094791e+02	1.129077e+01
4.344000e+00	4.094791e+02	1.129077e+01
4.356000e+00	4.094791e+02	1.129077e+01
4.368000e+00	4.094791e+02	1.129077e+01
4.380000e+00	4.094791e+02	1.129077e+01
4.392000e+00	4.094791e+02	1.129077e+01
4.404000e+00	4.094791e+02	1.129077e+01
4.416000e+00	4.094791e+02	1.129077e+01
4.428000e+00	4.094791e+02	1.129077e+01
4.440000e+00	4.094791e+02	1.129077e+01
4.452000e+00	4.094791e+02	1.129077e+01
4.464000e+00	4.094791e+02	1.129077e+01
4.476000e+00	4.094791e+02	1.129077e+01
4.488000e+00	4.094791e+02	1.129077e+01
4.500000e+00	4.094791e+02	1.129077e+01
4.512000e+00	4.094791e+02	1.129077e+01
4.524000e+00	4.094791e+02	1.129077e+01
4.536000e+00	4.094791e+02	1.129077e+01
4.548000e+00	4.094791e+02	1.129077e+01
4.560000e+00	4.094791e+02	1.129077e+01
4.572000e+00	4.094791e+02	1.129077e+01
4.584000e+00	4.094791e+02	1.129077e+01
4.596000e+00	4.094791e+02	1.129077e+01
4.608000e+00	4.094791e+02	1.129077e+01
4.620000e+00	4.094791e+02	1.129077e+01
4.632000e+00	4.094791e+02	1.129077e+01
4.644000e+00	4.094791e+02	1.129077e+01
4.656000e+00	4.094791e+02	1.129077e+01
4.668000e+00	4.094791e+02	1.129077e+01
4.680000e+00	4.094791e+02	1.129077e+01
4.692000e+00	4.094791e+02	1.129077e+01
4.704000e+00	4.094791e+02	1.129077e+01
4.716000e+00	4.094791e+02	1.129077e+01
4.728000e+00	4.094791e+02	1.129077e+01
4.740000e+00	4.094791e+02	1.129077e+01
4.752000e+00	4.094791e+02	1.129077e+01
4.764000e+00	4.094791e+02	1.129077e+01
4.776000e+00	4.094791e+02	1.129077e+01
4.788000e+00	4.094791e+02	1.129077e+01
4.800000e+00	4.094791e+02	1.129077e+01
4.812000e+00	4.094791e+02	1.129077e+01
4.824000e+00	4.094791e+02	1.129077e+01
4.836000e+00	4.094791e+02	1.129077e+01
4.848000e+00	4.094791e+02	1.129077e+01
4.860000e+00	4.094791e+02	1.129077e+01
4.872000e+00	4.094791e+02	1.129077e+01
4.884000e+00	4.094791e+02	1.129077e+01
4.896000e+00	4.094791e+02	1.129077e+01
4.908000e+00	4.094791e+02	1.129077e+01
4.920000e+00	4.094791e+02	1.129077e+01
4.932000e+00	4.094791e+02	1.129077e+01
4.944000e+00	4.094791e+02	1.129077e+01
4.956000e+00	4.094791e+02	1.129077e+01
4.968000e+00	4.094791e+02	1.129077e+01
4.980000e+00	4.094791e+02	1.129077e+01
4.992000e+00	4.094791e+02	1.129077e+01
5.004000e+00	4.094791e+02	1.129077e+01
5.016000e+00	4.094791e+02	1.129077e+01
5.028000e+00	4.094791e+02	1.129077e+01
5.040000e+00	4.094791e+02	1.129077e+01
5.052000e+00	4.094791e+02	1.129077e+01
5.064000e+00	4.094791e+02	1.129077e+01
5.076000e+00	4.094791e+02	1.129077e+01
5.088000e+00	4.094791e+02	1.129077e+01
5.100000e+00	4.094791e+02	1.129077e+01
5.112000e+00	4.094791e+02	1.129077e+01
5.124000e+00	4.094791e+02	1.129077e+01
5.136000e+00	4.094791e+02	1.129077e+01
5.148000e+00	4.094791e+02	1.129077e+01
5.160000e+00	4.094791e+02	1.129077e+01
5.172000e+00	4.094791e+02	1.129077e+01
5.184000e+00	4.094791e+02	1.129077e+01
5.196000e+00	4.094791e+02	1.129077e+01
5.208000e+00	4.094791e+02	1.129077e+01
5.220000e+00	4.094791e+02	1.129077e+01
5.232000e+00	4.094791e+02	1.129077e+01
5.244000e+00	4.094791e+02	1.129077e+01
5.256000e+00	4.094791e+02	1.129077e+01
5.268000e+00	4.094791e+02	1.129077e+01
5.280000e+00	4.094791e+02	1.129077e+01
5.292000e+00	4.094791e+02	1.129077e+01
5.304000e+00	4.094791e+02	1.129077e+01
5.316000e+00	4.094791e+02	1.129077e+01
5.328000e+00	4.094791e+02	1.129077e+01
5.340000e+00	4.094791e+02	1.129077e+01
5.352000e+00	4.094791e+02	1.129077e+01
5.364000e+00	4.094791e+02	1.129077e+01
5.376000e+00	4.094791e+02	1.129077e+01
5.388000e+00	4.094791e+02	1.129077e+01
5.400000e+00	4.094791e+02	1.129077e+01
5.412000e+00	4.094791e+02	1.129077e+01
5.424000e+00	4.094791e+02	1.129077e+01
5.436000e+00	4.094791e+02	1.129077e+01
5.448000e+00	4.094791e+02	1.129077e+01
5.460000e+00	4.094791e+02	1.129077e+01
5.472000e+00	4.094791e+02	1.129077e+01
5.484000e+00	4.094791e+02	1.129077e+01
5.496000e+00	4.094791e+02	1.129077e+01
5.508000e+00	4.094791e+02	1.129077e+01
5.520000e+00	4.094791e+02	1.129077e+01
5.532000e+00	4.094791e+02	1.129077e+01
5.544000e+00	4.094791e+02	1.129077e+01
5.556000e+00	4.094791e+02	1.129077e+01
5.568000e+00	4.094791e+02	1.129077e+01
5.580000e+00	4.094791e+02	1.129077e+01
5.592000e+00	4.094791e+02	1.129077e+01
5.604000e+00	4.094791e+02	1.129077e+01
5.616000e+00	4.094791e+02	1.129077e+01
5.628000e+00	4.094791e+02	1.129077e+01
5.640000e+00	4.094791e+02	1.129077e+01
5.652000e+00	4.094791e+02	1.129077e+01
5.664000e+00	4.094791e+02	1.129077e+01
5.676000e+00	4.094791e+02	1.129077e+01
5.688000e+00	4.094791e+02	1.129077e+01
5.700000e+00	4.094791e+02	1.129077e+01
5.712000e+00	4.094791e+02	1.129077e+01
5.724000e+00	4.094791e+02	1.129077e+01
5.736000e+00	4.094791e+02	1.129077e+01
5.748000e+00	4.094791e+02	1.129077e+01
5.760000e+00	4.094791e+02	1.129077e+01
5.772000e+00	4.094791e+02	1.129077e+01
5.784000e+00	4.094791e+02	1.129077e+01
5.796000e+00	4.094791e+02	1.129077e+01
5.808000e+00	4.094791e+02	1.129077e+01
5.820000e+00	4.094791e+02	1.129077e+01
5.832000e+00	4.094791e+02	1.129077e+01
5.844000e+00	4.094791e+02	1.129077e+01
5.856000e+00	4.094791e+02	1.129077e+01
5.868000e+00	4.094791e+02	1.129077e+01
5.880000e+00	4.094791e+02	1.129077e+01
5.892000e+00	4.094791e+02	1.129077e+01
5.904000e+00	4.094791e+02	1.129077e+01
5.916000e+00	4.094791e+02	1.129077e+01
5.928000e+00	4.094791e+02	1.129077e+01
5.940000e+00	4.094791e+02	1.129077e+01
5.952000e+00	4.094791e+02	1.129077e+01
5.964000e+00	4.094791e+02	1.129077e+01
5.976000e+00	4.094791e+02	1.129077e+01
5.988000e+00	4.094791e+02	1.129077e+01
6.000000e+00	4.094791e+02	1.129077e+01