"Posição 'x' e 'y' - Pata 1"

"Time      "	".MARKER_61.Translational_Displacement.X"	".MARKER_61.Translational_Displacement.Y"
0.000000e+00	-7.105427e-15	1.000000e+01
1.200000e-02	-3.330639e-15	1.000000e+01
2.400000e-02	-1.243466e-14	1.000000e+01
3.600000e-02	9.192314e-12	1.000000e+01
4.800000e-02	9.191315e-12	1.000000e+01
6.000000e-02	9.186763e-12	1.000000e+01
7.200000e-02	9.171000e-12	1.000000e+01
8.400000e-02	9.177436e-12	1.000000e+01
9.600000e-02	9.178439e-12	1.000000e+01
1.080000e-01	9.167451e-12	1.000000e+01
1.200000e-01	9.151791e-12	1.000000e+01
1.320000e-01	9.164009e-12	1.000000e+01
1.440000e-01	9.176443e-12	1.000000e+01
1.560000e-01	9.170561e-12	1.000000e+01
1.680000e-01	9.156568e-12	1.000000e+01
1.800000e-01	9.128921e-12	1.000000e+01
1.920000e-01	9.109941e-12	1.000000e+01
2.040000e-01	9.105943e-12	1.000000e+01
2.160000e-01	9.110483e-12	1.000000e+01
2.280000e-01	9.093719e-12	1.000000e+01
2.400000e-01	9.081305e-12	1.000000e+01
2.520000e-01	9.044320e-12	1.000000e+01
2.640000e-01	9.035904e-12	1.000000e+01
2.760000e-01	9.050567e-12	1.000000e+01
2.880000e-01	9.018719e-12	1.000000e+01
3.000000e-01	9.001887e-12	1.000000e+01
3.120000e-01	8.978685e-12	1.000000e+01
3.240000e-01	8.957407e-12	1.000000e+01
3.360000e-01	8.952772e-12	1.000000e+01
3.480000e-01	8.938651e-12	1.000000e+01
3.600000e-01	8.925125e-12	1.000000e+01
3.720000e-01	8.889265e-12	1.000000e+01
3.840000e-01	8.886121e-12	1.000000e+01
3.960000e-01	8.854571e-12	1.000000e+01
4.080000e-01	8.845084e-12	1.000000e+01
4.200000e-01	8.829200e-12	1.000000e+01
4.320000e-01	8.808221e-12	1.000000e+01
4.440000e-01	8.790169e-12	1.000000e+01
4.560000e-01	8.778297e-12	1.000000e+01
4.680000e-01	8.759540e-12	1.000000e+01
4.800000e-01	8.722786e-12	1.000000e+01
4.920000e-01	8.702674e-12	1.000000e+01
5.040000e-01	8.697199e-12	1.000000e+01
5.160000e-01	8.610734e-12	1.000000e+01
5.280000e-01	8.602873e-12	1.000000e+01
5.400000e-01	8.637026e-12	1.000000e+01
5.520000e-01	8.612523e-12	1.000000e+01
5.640000e-01	8.591110e-12	1.000000e+01
5.760000e-01	8.561294e-12	1.000000e+01
5.880000e-01	8.493315e-12	1.000000e+01
6.000000e-01	8.459704e-12	1.000000e+01
6.120000e-01	8.422950e-12	1.000000e+01
6.240000e-01	8.421540e-12	1.000000e+01
6.360000e-01	8.392484e-12	1.000000e+01
6.480000e-01	8.390857e-12	1.000000e+01
6.600000e-01	8.346080e-12	1.000000e+01
6.720000e-01	8.372643e-12	1.000000e+01
6.840000e-01	8.314530e-12	1.000000e+01
6.960000e-01	8.255441e-12	1.000000e+01
7.080000e-01	8.228769e-12	1.000000e+01
7.200000e-01	8.173800e-12	1.000000e+01
7.320000e-01	8.155043e-12	1.000000e+01
7.440000e-01	8.114603e-12	1.000000e+01
7.560000e-01	8.129348e-12	1.000000e+01
7.680000e-01	8.095087e-12	1.000000e+01
7.800000e-01	8.082510e-12	1.000000e+01
7.920000e-01	8.059742e-12	1.000000e+01
8.040000e-01	7.988510e-12	1.000000e+01
8.160000e-01	7.946226e-12	1.000000e+01
8.280000e-01	7.916085e-12	1.000000e+01
8.400000e-01	7.909255e-12	1.000000e+01
8.520000e-01	7.833361e-12	1.000000e+01
8.640000e-01	7.841817e-12	1.000000e+01
8.760000e-01	7.820567e-12	1.000000e+01
8.880000e-01	7.819917e-12	1.000000e+01
9.000000e-01	7.775898e-12	1.000000e+01
9.120000e-01	7.722122e-12	1.000000e+01
9.240000e-01	7.657069e-12	1.000000e+01
9.360000e-01	7.626495e-12	1.000000e+01
9.480000e-01	7.621291e-12	1.000000e+01
9.600000e-01	7.566647e-12	1.000000e+01
9.720000e-01	7.560359e-12	1.000000e+01
9.840000e-01	7.520677e-12	1.000000e+01
9.960000e-01	7.507883e-12	1.000000e+01
1.008000e+00	7.492704e-12	1.000000e+01
1.020000e+00	7.429604e-12	1.000000e+01
1.032000e+00	7.373008e-12	1.000000e+01
1.044000e+00	7.323135e-12	1.000000e+01
1.056000e+00	7.329640e-12	1.000000e+01
1.068000e+00	7.271093e-12	1.000000e+01
1.080000e+00	7.248325e-12	1.000000e+01
1.092000e+00	7.218618e-12	1.000000e+01
1.104000e+00	7.238784e-12	1.000000e+01
1.116000e+00	7.194115e-12	1.000000e+01
1.128000e+00	7.140122e-12	1.000000e+01
1.140000e+00	7.063794e-12	1.000000e+01
1.152000e+00	7.054904e-12	1.000000e+01
1.164000e+00	7.044712e-12	1.000000e+01
1.176000e+00	6.979660e-12	1.000000e+01
1.188000e+00	6.966216e-12	1.000000e+01
1.200000e+00	6.934557e-12	1.000000e+01
1.212000e+00	6.940845e-12	1.000000e+01
1.224000e+00	6.908103e-12	1.000000e+01
1.236000e+00	6.854543e-12	1.000000e+01
1.248000e+00	6.795129e-12	1.000000e+01
1.260000e+00	6.756097e-12	1.000000e+01
1.272000e+00	6.752194e-12	1.000000e+01
1.284000e+00	6.683890e-12	1.000000e+01
1.296000e+00	6.698201e-12	1.000000e+01
1.308000e+00	6.646593e-12	1.000000e+01
1.320000e+00	6.674132e-12	1.000000e+01
1.332000e+00	6.617536e-12	1.000000e+01
1.344000e+00	6.569181e-12	1.000000e+01
1.356000e+00	6.519525e-12	1.000000e+01
1.368000e+00	6.490902e-12	1.000000e+01
1.380000e+00	6.465314e-12	1.000000e+01
1.392000e+00	6.439294e-12	1.000000e+01
1.404000e+00	6.426717e-12	1.000000e+01
1.416000e+00	6.392890e-12	1.000000e+01
1.428000e+00	6.401130e-12	1.000000e+01
1.440000e+00	6.371206e-12	1.000000e+01
1.452000e+00	6.328271e-12	1.000000e+01
1.464000e+00	6.273194e-12	1.000000e+01
1.476000e+00	6.233295e-12	1.000000e+01
1.488000e+00	6.241969e-12	1.000000e+01
1.500000e+00	6.185157e-12	1.000000e+01
1.512000e+00	6.196866e-12	1.000000e+01
1.524000e+00	6.165207e-12	1.000000e+01
1.536000e+00	6.184289e-12	1.000000e+01
1.548000e+00	6.138319e-12	1.000000e+01
1.560000e+00	6.098420e-12	1.000000e+01
1.572000e+00	6.031634e-12	1.000000e+01
1.584000e+00	6.022526e-12	1.000000e+01
1.596000e+00	6.016888e-12	1.000000e+01
1.608000e+00	5.970485e-12	1.000000e+01
1.620000e+00	5.979592e-12	1.000000e+01
1.632000e+00	5.950969e-12	1.000000e+01
1.644000e+00	5.972653e-12	1.000000e+01
1.656000e+00	5.954005e-12	1.000000e+01
1.668000e+00	5.887651e-12	1.000000e+01
1.680000e+00	5.875075e-12	1.000000e+01
1.692000e+00	5.834309e-12	1.000000e+01
1.704000e+00	5.844283e-12	1.000000e+01
1.716000e+00	5.791374e-12	1.000000e+01
1.728000e+00	5.822166e-12	1.000000e+01
1.740000e+00	5.811324e-12	1.000000e+01
1.752000e+00	5.813058e-12	1.000000e+01
1.764000e+00	5.790507e-12	1.000000e+01
1.776000e+00	5.759282e-12	1.000000e+01
1.788000e+00	5.726756e-12	1.000000e+01
1.800000e+00	5.707240e-12	1.000000e+01
1.812000e+00	5.721985e-12	1.000000e+01
1.824000e+00	5.678617e-12	1.000000e+01
1.836000e+00	5.680786e-12	1.000000e+01
1.848000e+00	5.673413e-12	1.000000e+01
1.860000e+00	5.715046e-12	1.000000e+01
1.872000e+00	5.694663e-12	1.000000e+01
1.884000e+00	5.662137e-12	1.000000e+01
1.896000e+00	5.624407e-12	1.000000e+01
1.908000e+00	5.631346e-12	1.000000e+01
1.920000e+00	5.641754e-12	1.000000e+01
1.932000e+00	5.611397e-12	1.000000e+01
1.944000e+00	5.645658e-12	1.000000e+01
1.956000e+00	5.637418e-12	1.000000e+01
1.968000e+00	5.655199e-12	1.000000e+01
1.980000e+00	5.635683e-12	1.000000e+01
1.992000e+00	5.609228e-12	1.000000e+01
2.004000e+00	7.806256e-15	1.000000e+01
2.016000e+00	-2.081668e-14	1.000000e+01
2.028000e+00	-3.903128e-14	1.000000e+01
2.040000e+00	1.821460e-14	1.000000e+01
2.052000e+00	4.336809e-14	1.000000e+01
2.064000e+00	1.431147e-14	1.000000e+01
2.076000e+00	1.821460e-14	1.000000e+01
2.088000e+00	-1.387779e-14	1.000000e+01
2.100000e+00	-1.431147e-14	1.000000e+01
2.112000e+00	4.683753e-14	1.000000e+01
2.124000e+00	1.474515e-14	1.000000e+01
2.136000e+00	-4.250073e-14	1.000000e+01
2.148000e+00	4.683753e-14	1.000000e+01
2.160000e+00	1.474515e-14	1.000000e+01
2.172000e+00	-4.250073e-14	1.000000e+01
2.184000e+00	4.683753e-14	1.000000e+01
2.196000e+00	1.474515e-14	1.000000e+01
2.208000e+00	-4.250073e-14	1.000000e+01
2.220000e+00	4.683753e-14	1.000000e+01
2.232000e+00	1.474515e-14	1.000000e+01
2.244000e+00	-4.250073e-14	1.000000e+01
2.256000e+00	4.683753e-14	1.000000e+01
2.268000e+00	1.474515e-14	1.000000e+01
2.280000e+00	-4.250073e-14	1.000000e+01
2.292000e+00	4.683753e-14	1.000000e+01
2.304000e+00	1.474515e-14	1.000000e+01
2.316000e+00	-4.250073e-14	1.000000e+01
2.328000e+00	4.683753e-14	1.000000e+01
2.340000e+00	1.474515e-14	1.000000e+01
2.352000e+00	-4.250073e-14	1.000000e+01
2.364000e+00	4.683753e-14	1.000000e+01
2.376000e+00	1.474515e-14	1.000000e+01
2.388000e+00	-4.250073e-14	1.000000e+01
2.400000e+00	4.683753e-14	1.000000e+01
2.412000e+00	1.474515e-14	1.000000e+01
2.424000e+00	-4.250073e-14	1.000000e+01
2.436000e+00	4.683753e-14	1.000000e+01
2.448000e+00	1.474515e-14	1.000000e+01
2.460000e+00	-4.250073e-14	1.000000e+01
2.472000e+00	4.683753e-14	1.000000e+01
2.484000e+00	1.474515e-14	1.000000e+01
2.496000e+00	-4.250073e-14	1.000000e+01
2.508000e+00	4.683753e-14	1.000000e+01
2.520000e+00	1.474515e-14	1.000000e+01
2.532000e+00	-4.250073e-14	1.000000e+01
2.544000e+00	4.683753e-14	1.000000e+01
2.556000e+00	1.474515e-14	1.000000e+01
2.568000e+00	-4.250073e-14	1.000000e+01
2.580000e+00	4.683753e-14	1.000000e+01
2.592000e+00	1.474515e-14	1.000000e+01
2.604000e+00	-4.250073e-14	1.000000e+01
2.616000e+00	4.683753e-14	1.000000e+01
2.628000e+00	1.474515e-14	1.000000e+01
2.640000e+00	-4.250073e-14	1.000000e+01
2.652000e+00	4.683753e-14	1.000000e+01
2.664000e+00	1.474515e-14	1.000000e+01
2.676000e+00	-4.250073e-14	1.000000e+01
2.688000e+00	4.683753e-14	1.000000e+01
2.700000e+00	1.474515e-14	1.000000e+01
2.712000e+00	-4.250073e-14	1.000000e+01
2.724000e+00	4.683753e-14	1.000000e+01
2.736000e+00	1.474515e-14	1.000000e+01
2.748000e+00	-4.250073e-14	1.000000e+01
2.760000e+00	4.683753e-14	1.000000e+01
2.772000e+00	1.474515e-14	1.000000e+01
2.784000e+00	-4.250073e-14	1.000000e+01
2.796000e+00	4.683753e-14	1.000000e+01
2.808000e+00	1.474515e-14	1.000000e+01
2.820000e+00	-4.250073e-14	1.000000e+01
2.832000e+00	4.683753e-14	1.000000e+01
2.844000e+00	1.474515e-14	1.000000e+01
2.856000e+00	-4.250073e-14	1.000000e+01
2.868000e+00	4.683753e-14	1.000000e+01
2.880000e+00	1.474515e-14	1.000000e+01
2.892000e+00	-4.250073e-14	1.000000e+01
2.904000e+00	4.683753e-14	1.000000e+01
2.916000e+00	1.474515e-14	1.000000e+01
2.928000e+00	-4.250073e-14	1.000000e+01
2.940000e+00	4.683753e-14	1.000000e+01
2.952000e+00	1.474515e-14	1.000000e+01
2.964000e+00	-4.250073e-14	1.000000e+01
2.976000e+00	4.683753e-14	1.000000e+01
2.988000e+00	1.474515e-14	1.000000e+01
3.000000e+00	-4.250073e-14	1.000000e+01
3.012000e+00	4.683753e-14	1.000000e+01
3.024000e+00	1.474515e-14	1.000000e+01
3.036000e+00	-4.250073e-14	1.000000e+01
3.048000e+00	4.683753e-14	1.000000e+01
3.060000e+00	1.474515e-14	1.000000e+01
3.072000e+00	-4.250073e-14	1.000000e+01
3.084000e+00	4.683753e-14	1.000000e+01
3.096000e+00	1.474515e-14	1.000000e+01
3.108000e+00	-4.250073e-14	1.000000e+01
3.120000e+00	4.683753e-14	1.000000e+01
3.132000e+00	1.474515e-14	1.000000e+01
3.144000e+00	-4.250073e-14	1.000000e+01
3.156000e+00	4.683753e-14	1.000000e+01
3.168000e+00	1.474515e-14	1.000000e+01
3.180000e+00	-4.250073e-14	1.000000e+01
3.192000e+00	4.683753e-14	1.000000e+01
3.204000e+00	1.474515e-14	1.000000e+01
3.216000e+00	-4.250073e-14	1.000000e+01
3.228000e+00	4.683753e-14	1.000000e+01
3.240000e+00	1.474515e-14	1.000000e+01
3.252000e+00	-4.250073e-14	1.000000e+01
3.264000e+00	4.683753e-14	1.000000e+01
3.276000e+00	1.474515e-14	1.000000e+01
3.288000e+00	-4.250073e-14	1.000000e+01
3.300000e+00	4.683753e-14	1.000000e+01
3.312000e+00	1.474515e-14	1.000000e+01
3.324000e+00	-4.250073e-14	1.000000e+01
3.336000e+00	4.683753e-14	1.000000e+01
3.348000e+00	1.474515e-14	1.000000e+01
3.360000e+00	-4.250073e-14	1.000000e+01
3.372000e+00	4.683753e-14	1.000000e+01
3.384000e+00	1.474515e-14	1.000000e+01
3.396000e+00	-4.250073e-14	1.000000e+01
3.408000e+00	4.683753e-14	1.000000e+01
3.420000e+00	1.474515e-14	1.000000e+01
3.432000e+00	-4.250073e-14	1.000000e+01
3.444000e+00	4.683753e-14	1.000000e+01
3.456000e+00	1.474515e-14	1.000000e+01
3.468000e+00	-4.250073e-14	1.000000e+01
3.480000e+00	4.683753e-14	1.000000e+01
3.492000e+00	1.474515e-14	1.000000e+01
3.504000e+00	-4.250073e-14	1.000000e+01
3.516000e+00	4.683753e-14	1.000000e+01
3.528000e+00	1.474515e-14	1.000000e+01
3.540000e+00	-4.250073e-14	1.000000e+01
3.552000e+00	4.683753e-14	1.000000e+01
3.564000e+00	1.474515e-14	1.000000e+01
3.576000e+00	-4.250073e-14	1.000000e+01
3.588000e+00	4.683753e-14	1.000000e+01
3.600000e+00	1.474515e-14	1.000000e+01
3.612000e+00	-4.250073e-14	1.000000e+01
3.624000e+00	4.683753e-14	1.000000e+01
3.636000e+00	1.474515e-14	1.000000e+01
3.648000e+00	-4.250073e-14	1.000000e+01
3.660000e+00	4.683753e-14	1.000000e+01
3.672000e+00	1.474515e-14	1.000000e+01
3.684000e+00	-4.250073e-14	1.000000e+01
3.696000e+00	4.683753e-14	1.000000e+01
3.708000e+00	1.474515e-14	1.000000e+01
3.720000e+00	-4.250073e-14	1.000000e+01
3.732000e+00	4.683753e-14	1.000000e+01
3.744000e+00	1.474515e-14	1.000000e+01
3.756000e+00	-4.250073e-14	1.000000e+01
3.768000e+00	4.683753e-14	1.000000e+01
3.780000e+00	1.474515e-14	1.000000e+01
3.792000e+00	-4.250073e-14	1.000000e+01
3.804000e+00	4.683753e-14	1.000000e+01
3.816000e+00	1.474515e-14	1.000000e+01
3.828000e+00	-4.250073e-14	1.000000e+01
3.840000e+00	4.683753e-14	1.000000e+01
3.852000e+00	1.474515e-14	1.000000e+01
3.864000e+00	-4.250073e-14	1.000000e+01
3.876000e+00	4.683753e-14	1.000000e+01
3.888000e+00	1.474515e-14	1.000000e+01
3.900000e+00	-4.250073e-14	1.000000e+01
3.912000e+00	4.683753e-14	1.000000e+01
3.924000e+00	1.474515e-14	1.000000e+01
3.936000e+00	-4.250073e-14	1.000000e+01
3.948000e+00	4.683753e-14	1.000000e+01
3.960000e+00	1.474515e-14	1.000000e+01
3.972000e+00	-4.250073e-14	1.000000e+01
3.984000e+00	4.683753e-14	1.000000e+01
3.996000e+00	1.474515e-14	1.000000e+01
4.008000e+00	4.196776e-09	1.000000e+01
4.020000e+00	4.365508e-08	1.000000e+01
4.032000e+00	-5.204170e-15	1.000000e+01
4.044000e+00	9.540979e-15	1.000000e+01
4.056000e+00	5.204170e-15	1.000000e+01
4.068000e+00	-4.336809e-15	1.000000e+01
4.080000e+00	-1.214306e-14	1.000000e+01
4.092000e+00	-2.602085e-15	1.000000e+01
4.104000e+00	-3.903128e-15	1.000000e+01
4.116000e+00	1.604619e-14	1.000000e+01
4.128000e+00	-3.469447e-15	1.000000e+01
4.140000e+00	1.344411e-14	1.000000e+01
4.152000e+00	1.250172e-11	1.000000e+01
4.164000e+00	1.254639e-11	1.000000e+01
4.176000e+00	1.256287e-11	1.000000e+01
4.188000e+00	1.260667e-11	1.000000e+01
4.200000e+00	1.265221e-11	1.000000e+01
4.212000e+00	1.270555e-11	1.000000e+01
4.224000e+00	1.274805e-11	1.000000e+01
4.236000e+00	1.276670e-11	1.000000e+01
4.248000e+00	1.282177e-11	1.000000e+01
4.260000e+00	1.288466e-11	1.000000e+01
4.272000e+00	1.293193e-11	1.000000e+01
4.284000e+00	1.299481e-11	1.000000e+01
4.296000e+00	1.305076e-11	1.000000e+01
4.308000e+00	1.308936e-11	1.000000e+01
4.320000e+00	1.315658e-11	1.000000e+01
4.332000e+00	1.321816e-11	1.000000e+01
4.344000e+00	1.328408e-11	1.000000e+01
4.356000e+00	1.334523e-11	1.000000e+01
4.368000e+00	1.339597e-11	1.000000e+01
4.380000e+00	1.346015e-11	1.000000e+01
4.392000e+00	1.352867e-11	1.000000e+01
4.404000e+00	1.361107e-11	1.000000e+01
4.416000e+00	1.367483e-11	1.000000e+01
4.428000e+00	1.374768e-11	1.000000e+01
4.440000e+00	1.381924e-11	1.000000e+01
4.452000e+00	1.389427e-11	1.000000e+01
4.464000e+00	1.398404e-11	1.000000e+01
4.476000e+00	1.406123e-11	1.000000e+01
4.488000e+00	1.415101e-11	1.000000e+01
4.500000e+00	1.422733e-11	1.000000e+01
4.512000e+00	1.429759e-11	1.000000e+01
4.524000e+00	1.438671e-11	1.000000e+01
4.536000e+00	1.447605e-11	1.000000e+01
4.548000e+00	1.454370e-11	1.000000e+01
4.560000e+00	1.463499e-11	1.000000e+01
4.572000e+00	1.472867e-11	1.000000e+01
4.584000e+00	1.480500e-11	1.000000e+01
4.596000e+00	1.492274e-11	1.000000e+01
4.608000e+00	1.498931e-11	1.000000e+01
4.620000e+00	1.507692e-11	1.000000e+01
4.632000e+00	1.517319e-11	1.000000e+01
4.644000e+00	1.527294e-11	1.000000e+01
4.656000e+00	-7.806256e-15	1.000000e+01
4.668000e+00	4.336809e-15	1.000000e+01
4.680000e+00	-6.288373e-15	1.000000e+01
4.692000e+00	9.974660e-15	1.000000e+01
4.704000e+00	6.071532e-15	1.000000e+01
4.716000e+00	2.168404e-16	1.000000e+01
4.728000e+00	3.469447e-15	1.000000e+01
4.740000e+00	-9.324139e-15	1.000000e+01
4.752000e+00	-3.686287e-15	1.000000e+01
4.764000e+00	1.691355e-14	1.000000e+01
4.776000e+00	-9.540979e-15	1.000000e+01
4.788000e+00	-2.168404e-15	1.000000e+01
4.800000e+00	-2.168404e-16	1.000000e+01
4.812000e+00	1.756408e-14	1.000000e+01
4.824000e+00	1.366095e-14	1.000000e+01
4.836000e+00	8.890458e-15	1.000000e+01
4.848000e+00	4.553649e-15	1.000000e+01
4.860000e+00	-1.951564e-15	1.000000e+01
4.872000e+00	8.239937e-15	1.000000e+01
4.884000e+00	-1.409463e-14	1.000000e+01
4.896000e+00	5.421011e-15	1.000000e+01
4.908000e+00	-7.047314e-15	1.000000e+01
4.920000e+00	-2.059984e-15	1.000000e+01
4.932000e+00	-8.239937e-15	1.000000e+01
4.944000e+00	2.103352e-14	1.000000e+01
4.956000e+00	1.366095e-14	1.000000e+01
4.968000e+00	1.496199e-14	1.000000e+01
4.980000e+00	-6.722053e-15	1.000000e+01
4.992000e+00	8.023096e-15	1.000000e+01
5.004000e+00	-5.746272e-15	1.000000e+01
5.016000e+00	2.168404e-16	1.000000e+01
5.028000e+00	5.421011e-16	1.000000e+01
5.040000e+00	1.843144e-15	1.000000e+01
5.052000e+00	-1.463673e-14	1.000000e+01
5.064000e+00	1.008308e-14	1.000000e+01
5.076000e+00	7.589415e-15	1.000000e+01
5.088000e+00	-2.331035e-15	1.000000e+01
5.100000e+00	6.342583e-15	1.000000e+01
5.112000e+00	9.920450e-15	1.000000e+01
5.124000e+00	-2.271404e-14	1.000000e+01
5.136000e+00	1.246832e-15	1.000000e+01
5.148000e+00	-2.439455e-15	1.000000e+01
5.160000e+00	3.740497e-15	1.000000e+01
5.172000e+00	1.211596e-14	1.000000e+01
5.184000e+00	3.117081e-15	1.000000e+01
5.196000e+00	2.913793e-15	1.000000e+01
5.208000e+00	2.778268e-15	1.000000e+01
5.220000e+00	1.232602e-14	1.000000e+01
5.232000e+00	-1.995610e-15	1.000000e+01
5.244000e+00	-3.332228e-15	1.000000e+01
5.256000e+00	2.669848e-15	1.000000e+01
5.268000e+00	-4.133521e-15	1.000000e+01
5.280000e+00	-6.776264e-16	1.000000e+01
5.292000e+00	5.204170e-15	1.000000e+01
5.304000e+00	7.047314e-16	1.000000e+01
5.316000e+00	9.324139e-15	1.000000e+01
5.328000e+00	-2.276825e-15	1.000000e+01
5.340000e+00	3.632077e-15	1.000000e+01
5.352000e+00	8.402567e-15	1.000000e+01
5.364000e+00	5.746272e-15	1.000000e+01
5.376000e+00	-8.077306e-15	1.000000e+01
5.388000e+00	-7.860466e-15	1.000000e+01
5.400000e+00	-1.279359e-14	1.000000e+01
5.412000e+00	1.295622e-14	1.000000e+01
5.424000e+00	-7.589415e-15	1.000000e+01
5.436000e+00	-3.252607e-15	1.000000e+01
5.448000e+00	-1.192622e-15	1.000000e+01
5.460000e+00	-3.252607e-15	1.000000e+01
5.472000e+00	-1.019150e-14	1.000000e+01
5.484000e+00	-6.071532e-15	1.000000e+01
5.496000e+00	-5.854692e-15	1.000000e+01
5.508000e+00	6.288373e-15	1.000000e+01
5.520000e+00	-4.662069e-15	1.000000e+01
5.532000e+00	9.540979e-15	1.000000e+01
5.544000e+00	2.059984e-15	1.000000e+01
5.556000e+00	-2.168404e-16	1.000000e+01
5.568000e+00	2.927346e-15	1.000000e+01
5.580000e+00	8.998878e-15	1.000000e+01
5.592000e+00	-2.276825e-15	1.000000e+01
5.604000e+00	-7.264155e-15	1.000000e+01
5.616000e+00	-7.589415e-15	1.000000e+01
5.628000e+00	-9.107298e-15	1.000000e+01
5.640000e+00	5.746272e-15	1.000000e+01
5.652000e+00	5.529431e-15	1.000000e+01
5.664000e+00	-2.385245e-15	1.000000e+01
5.676000e+00	-9.757820e-15	1.000000e+01
5.688000e+00	-9.757820e-15	1.000000e+01
5.700000e+00	5.421011e-15	1.000000e+01
5.712000e+00	-7.155734e-15	1.000000e+01
5.724000e+00	-9.107298e-15	1.000000e+01
5.736000e+00	5.854692e-15	1.000000e+01
5.748000e+00	-8.456777e-15	1.000000e+01
5.760000e+00	3.686287e-15	1.000000e+01
5.772000e+00	9.757820e-15	1.000000e+01
5.784000e+00	-6.505213e-16	1.000000e+01
5.796000e+00	-9.107298e-15	1.000000e+01
5.808000e+00	-8.673617e-15	1.000000e+01
5.820000e+00	-3.469447e-15	1.000000e+01
5.832000e+00	-6.505213e-15	1.000000e+01
5.844000e+00	-9.974660e-15	1.000000e+01
5.856000e+00	-4.987330e-15	1.000000e+01
5.868000e+00	-1.301043e-15	1.000000e+01
5.880000e+00	-5.637851e-15	1.000000e+01
5.892000e+00	1.517883e-15	1.000000e+01
5.904000e+00	0.000000e+00	1.000000e+01
5.916000e+00	-4.770490e-15	1.000000e+01
5.928000e+00	-7.372575e-15	1.000000e+01
5.940000e+00	1.214306e-14	1.000000e+01
5.952000e+00	1.149254e-14	1.000000e+01
5.964000e+00	-1.192622e-14	1.000000e+01
5.976000e+00	1.149254e-14	1.000000e+01
5.988000e+00	-6.505213e-15	1.000000e+01
6.000000e+00	-8.239937e-15	1.000000e+01


